35.2 183
35.22 175
35.24 221
35.26 224
35.28 194
35.30 203
35.32 224
35.34 186
35.36 219
35.38 190
35.40 219
35.42 229
35.44 228
35.46 255
35.48 229
35.50 278
35.52 257
35.54 282
35.56 297
35.58 341
35.60 337
35.62 342
35.64 391
35.66 338
35.68 405
35.70 392
35.72 437
35.74 462
35.76 452
35.78 534
35.80 590
35.82 621
35.84 700
35.86 725
35.88 841
35.90 927
35.92 1108
35.94 1222
35.96 1560
35.98 1933
36.00 2458
36.02 3120
36.04 3902
36.06 5209
36.08 6845
36.10 9133
36.12 12467
36.14 17786
36.16 24356
36.18 35324
36.20 49912
36.22 65803
36.24 72584
36.26 59057
36.28 43152
36.30 37842
36.32 38901
36.34 35290
36.36 24083
36.38 13483
36.40 8383
36.42 5432
36.44 3978
36.46 2896
36.48 2283
36.50 1854
36.52 1557
36.54 1184
36.56 992
36.58 825
36.60 804
36.62 687
36.64 611
36.66 593
36.68 508
36.70 467
36.72 439
36.74 379
36.76 378
36.78 365
36.80 316
36.82 328
36.84 271
36.86 282
36.88 256
36.90 278
36.92 255
36.94 228
36.96 243
36.98 230
37.00 205
37.02 209
37.04 204
37.06 197
37.08 177
37.10 174
37.12 172
37.14 166
37.16 157
37.18 160
37.20 147
37.22 160
37.24 142
37.26 173
37.28 130
37.30 165
37.32 152
37.34 129
37.36 146
37.38 131
37.40 137
37.42 151
37.44 133
37.46 125
37.48 149
37.50 131
37.52 139
37.54 134
37.56 138
37.58 115
37.60 120
37.62 136
37.64 97
37.66 110
37.68 125
37.70 123
