35.52   0.0
35.53   0.0
35.54   0.0
35.55   0.0
35.56   0.0
35.57   0.0
35.58   0.0
35.59   0.0
35.6   0.0
35.61   0.0
35.62   0.00746237788951
35.63   0.0150270522124
35.64   0.0150811007576
35.65   0.011038444333
35.66   0.00426465126205
35.67   0.0200227355243
35.68   0.0152972949382
35.69   0.0303725950388
35.7   0.0372544852001
35.71   0.0495986486543
35.72   0.0776468478256
35.73   0.0722386230778
35.74   0.124184267906
35.75   0.173398776087
35.76   0.196667486127
35.77   0.277290065742
35.78   0.349719235419
35.79   0.494523526226
35.8   0.6167959397
35.81   0.788911596971
35.82   0.970586232505
35.83   1.0
35.84   0.977522171212
35.85   0.801417906061
35.86   0.729096833475
35.87   0.514073871112
35.88   0.31202380782
35.89   0.239019951072
35.9   0.185816835012
35.91   0.129199798143
35.92   0.116963731779
35.93   0.0705884573344
35.94   0.0931743832128
35.95   0.0611375761621
35.96   0.0420736681821
35.97   0.0544178316363
35.98   0.0114564779998
35.99   0.0
36.0   0.0
36.01   0.0
36.02   0.0
36.03   0.0
36.04   0.0
36.05   0.0
36.06   0.0
36.07   0.0
36.08   0.00312076935035
36.09   0.0
36.1   0.0
36.11   0.0
36.12   0.0
36.13   0.0
36.14   0.0
36.15   0.0
36.16   0.0
