75.02   0.0
75.04   0.0
75.06   0.0
75.08   0.0
75.1   0.0
75.12   0.0
75.14   0.0
75.16   0.0
75.18   0.0
75.2   0.0
75.22   0.0
75.24   0.0160637994768
75.26   0.00367677119054
75.28   0.043597176483
75.3   0.0250563324816
75.32   0.0
75.34   0.000282275908972
75.36   0.0
75.38   0.0678154550636
75.4   0.0123517167713
75.42   0.0245799513456
75.44   0.0121929230593
75.46   0.0459595126366
75.48   0.0089572214897
75.5   0.0150316403489
75.52   0.021106059208
75.54   0.0179497544944
75.56   0.020947265496
75.58   0.0085602372097
75.6   0.0
75.62   0.0268628906432
75.64   0.0
75.66   0.0174733733584
75.68   0.02047088436
75.7   0.0142376717889
75.72   0.020312090648
75.74   0.0140788780769
75.76   0.0693838226572
75.78   0.0385353472255
75.8   0.0569173975149
75.82   0.0537610928013
75.84   0.0259895252272
75.86   0.0536022990893
75.88   0.00736928436972
75.9   0.0595973210925
75.92   0.0564410163789
75.94   0.0471308959502
75.96   0.0132055126609
75.98   0.0562028258109
76.0   0.0345850739519
76.02   0.0160442299504
76.04   0.0713491745308
76.06   0.0312699755263
76.08   0.0373443943855
76.1   0.0249573660992
76.12   0.018724153528
76.14   0.0494138352478
76.16   0.00318082052815
76.18   0.0677164886812
76.2   0.0553294603949
76.22   0.0152502613905
76.24   0.0705552059708
76.26   0.0427836383966
76.28   0.0611656886861
76.3   0.0457017525422
76.32   0.0579299871165
76.34   0.0670813138332
76.36   0.125463166271
76.38   0.128460677273
76.4   0.0914583861258
76.42   0.0821482656971
76.44   0.183606828141
76.46   0.186604339143
76.48   0.152678955853
76.5   0.127984296137
76.52   0.11559726785
76.54   0.213978922437
76.56   0.220053341296
76.58   0.189204865864
76.6   0.238355994729
76.62   0.290584031452
76.64   0.321273713172
76.66   0.29042523774
76.68   0.324191827318
76.7   0.330266246177
76.72   0.471724610769
76.74   0.434722319622
76.76   0.576180684215
76.78   0.631485628795
76.8   0.665252218372
76.82   0.674403545089
76.84   0.920476776839
76.86   0.91116665641
76.88   0.864933641691
76.9   0.852546613404
76.92   0.994004977997
76.94   0.953925778992
76.96   1.0
76.98   0.85222902598
77.0   0.79368837983
77.02   0.713609378678
77.04   0.762760507543
77.06   0.731912032111
77.08   0.657986846673
77.1   0.657907449817
77.12   0.700904762967
77.14   0.611595038242
77.16   0.614592549243
77.18   0.71297420383
77.2   0.506741980516
77.22   0.491278044372
77.24   0.312737991777
77.26   0.361889120642
77.28   0.395655710219
77.3   0.297115261921
77.32   0.238574615771
77.34   0.238495218915
77.36   0.266107992777
77.38   0.259874780206
77.4   0.112103806186
77.42   0.152024211479
77.44   0.182713893199
77.46   0.145711602052
77.48   0.0779402323291
77.5   0.105553006191
77.52   0.0808583464747
77.54   0.111548028194
77.56   0.142237709914
77.58   0.0652356166188
77.6   0.0774638511931
77.62   0.0743075464796
77.64   0.071151241766
77.66   0.07107184491
77.68   0.0863769873419
77.7   0.0586054197677
77.72   0.0431414836238
77.74   0.0246006396224
77.76   0.0645210449149
77.78   0.00905730662251
77.8   0.070516066918
77.82   0.027359960056
77.84   0.0334343789151
77.86   0.0610471527773
77.88   0.0794292030667
77.9   0.0116578333441
77.92   0.00850152863051
77.94   0.0
77.96   0.0144965506337
77.98   0.026724785208
78.0   0.0297222962095
78.02   0.0327198072111
78.04   0.048024949643
78.06   0.0202533820688
78.08   0.0
78.1   0.0293253119295
78.12   0.0353997307887
78.14   0.0414741496478
78.16   0.0
78.18   0.0228539087904
78.2   0.00738997264652
78.22   0.00115676007537
78.24   0.0
78.26   0.0348439527967
78.28   0.0
78.3   0.0
78.32   0.0099904993681
78.34   0.000680378939378
78.36   0.0
78.38   0.0
78.4   0.00659600408653
78.42   0.0
78.44   0.0156679339473
78.46   0.000203997803382
78.48   0.0493551266686
78.5   0.0
78.52   0.0
78.54   0.0
78.56   0.00288392138096
78.58   0.0
78.6   0.0
78.62   0.0
78.64   0.0
78.66   0.0
78.68   0.0
78.7   0.0
78.72   0.0
78.74   0.0206307968224
78.76   0.0
78.78   0.0
78.8   0.0
78.82   0.0
78.84   0.0
78.86   0.0
78.88   0.0
78.9   0.0
78.92   0.0
78.94   0.0
