75.02   0.0
75.04   0.0
75.06   0.0
75.08   0.0
75.1   0.0
75.12   0.0
75.14   0.0
75.16   0.0
75.18   0.0
75.2   0.0
75.22   0.00464818907095
75.24   0.00460275280101
75.26   0.00187125767658
75.28   0.0
75.3   0.0125246205547
75.32   0.0
75.34   0.0124337480148
75.36   0.00433013518141
75.38   0.0
75.4   0.0
75.42   0.0
75.44   0.00549141952893
75.46   0.00141689497725
75.48   0.0
75.5   0.00401208129188
75.52   0.0
75.54   0.0119793853155
75.56   0.0
75.58   0.0
75.6   0.018558223642
75.62   0.0104546108085
75.64   0.0157812922476
75.66   0.0130497971232
75.68   0.0
75.7   0.000871659738044
75.72   0.0
75.74   0.0
75.76   0.0
75.78   0.0114341500763
75.8   0.0261620375061
75.82   0.000599042118444
75.84   0.0
75.86   0.0
75.88   0.0
75.9   0.00578941474771
75.92   0.00708700790502
75.94   0.0164427776258
75.96   0.0177403707831
75.98   0.00695069909522
76.0   0.00556223339804
76.02   0.0
76.04   0.00278530200367
76.06   0.00542592458824
76.08   0.00940957660005
76.1   0.0174223168936
76.12   0.00797567463294
76.14   0.0146453854992
76.16   0.00251268438407
76.18   0.0105254246776
76.2   0.00645090012595
76.22   0.017149699274
76.24   0.0211333512858
76.26   0.0130297384524
76.28   0.000897037337223
76.3   0.020997042476
76.32   0.0209516062061
76.34   0.0
76.36   0.00608740996649
76.38   0.0235013562508
76.4   0.0234559199809
76.42   0.0113232188657
76.44   0.017992929732
76.46   0.0286917288801
76.48   0.0125299394831
76.5   0.0286008563402
76.52   0.0245263317885
76.54   0.0379111897911
76.56   0.0324936358121
76.58   0.0593087880872
76.6   0.0592633518173
76.62   0.0417585329931
76.64   0.0538003615684
76.66   0.0900167198342
76.68   0.0966864307005
76.7   0.0912688767216
76.72   0.105996764151
76.74   0.173102799244
76.76   0.151568892138
76.78   0.166296779568
76.8   0.219972520388
76.82   0.254845849226
76.84   0.338068237446
76.86   0.488442097028
76.88   0.595839014938
76.9   0.752928021656
76.92   1.0
76.94   0.963692769194
76.96   0.856204978744
76.98   0.634559686978
77.0   0.535130073092
77.02   0.364519899561
77.04   0.302695109638
77.06   0.219381848879
77.08   0.170987353228
77.1   0.161540710967
77.12   0.123890450734
77.14   0.103699573056
77.16   0.0767935482406
77.18   0.0767481119707
77.2   0.072673587419
77.22   0.0551687685948
77.24   0.0685536265974
77.26   0.0241882192282
77.28   0.0362300478035
77.3   0.0106670524159
77.32   0.0253949398457
77.34   0.005204062167
77.36   0.0400773910055
77.38   0.0
77.4   0.0265562241932
77.42   0.00770837594176
77.44   0.0103489985263
77.46   0.0223908271016
77.48   0.012944184841
77.5   0.0
77.52   0.0021090768831
77.54   0.0329533174399
77.56   0.016791528043
77.58   0.0
77.6   0.0113285377941
77.62   0.0
77.64   0.000493429836247
77.66   0.0
77.68   0.00711770443263
77.7   0.0
77.72   0.00434077303826
77.74   0.00295230734108
77.76   0.0015638416439
77.78   0.0
77.8   0.0
77.82   0.0
77.84   0.0
77.86   0.0120808957122
77.88   0.0
77.9   0.0
77.92   0.00120035148443
77.94   0.0
77.96   0.0
77.98   0.0
78.0   0.0
78.02   0.0
78.04   0.0
78.06   0.0
78.08   0.00217989075221
78.1   0.0
78.12   0.0
78.14   0.00472964079691
78.16   0.0
78.18   0.00598179768429
78.2   0.0
78.22   0.00320486628992
78.24   0.00181640059274
78.26   0.00580005260456
78.28   0.0
78.3   0.0
78.32   0.0
78.34   0.0
78.36   0.0
78.38   0.0
78.4   0.0
78.42   0.0
78.44   0.00270506732066
78.46   0.0
78.48   0.0
78.5   0.0
78.52   0.0
78.54   0.0
78.56   0.0
78.58   0.0
78.6   0.00637066544294
78.62   0.0
78.64   0.0
78.66   0.0
78.68   0.0
78.7   0.00211439581152
78.72   0.0
78.74   0.0
78.76   0.0
78.78   0.0
78.8   0.0
78.82   0.0
78.84   0.0
78.86   0.0
78.88   0.0
78.9   0.0
78.92   0.0
78.94   0.0
