35.02   0.0
35.04   0.0
35.06   0.0
35.08   0.0
35.1   0.0
35.12   0.0
35.14   0.0
35.16   0.0207792157535
35.18   0.0198140398069
35.2   0.0192109282048
35.22   0.025758587407
35.24   0.0203581232401
35.26   0.0237377194277
35.28   0.0249449295482
35.3   0.0246133662046
35.32   0.0210232237602
35.34   0.0205106282443
35.36   0.0237091922597
35.38   0.0193044050402
35.4   0.0277529020511
35.42   0.0204516000754
35.44   0.0268182271054
35.46   0.028115953312
35.48   0.0293231634326
35.5   0.0293536644334
35.52   0.0289315850036
35.54   0.0312249881577
35.56   0.0292641352637
35.58   0.0329152797097
35.6   0.0315880394186
35.62   0.0328857656253
35.64   0.0376231031049
35.66   0.0442612783932
35.68   0.0479124228392
35.7   0.0450464090839
35.72   0.0527707774058
35.74   0.0559693414212
35.76   0.0613402915037
35.78   0.0621854372797
35.8   0.0735304490468
35.82   0.0840608160387
35.84   0.0905179591547
35.86   0.106660323487
35.88   0.116285529617
35.9   0.135143376533
35.92   0.141510003563
35.94   0.161001463082
35.96   0.189001434697
35.98   0.208402378129
36.0   0.24165228274
36.02   0.294001081524
36.04   0.337298271694
36.06   0.379328236659
36.08   0.451409542219
36.1   0.525391685588
36.12   0.61521414403
36.14   0.695803961686
36.16   0.800290026081
36.18   0.889478871919
36.2   0.957667985776
36.22   0.995896275123
36.24   1.0
36.26   0.951694911008
36.28   0.914161236265
36.3   0.840964223587
36.32   0.766862050047
36.34   0.683436719636
36.36   0.600011389226
36.38   0.503823290671
36.4   0.41876867071
36.42   0.362136101793
36.44   0.302425985948
36.46   0.254120896956
36.48   0.220569930003
36.5   0.179415611815
36.52   0.156817091283
36.54   0.136753021163
36.56   0.107546826344
36.58   0.101331717402
36.6   0.0858839676746
36.62   0.0720655074976
36.64   0.0704667189481
36.66   0.0551094853069
36.68   0.0496185050539
36.7   0.0433128800256
36.72   0.0376408676003
36.74   0.0373093042566
36.76   0.0294649057642
36.78   0.0275040528702
36.8   0.0222846208755
36.82   0.0149833188999
36.84   0.0152853681591
36.86   0.0149538048154
36.88   0.0113636623711
36.9   0.0133855172668
36.92   0.0078040209276
36.94   0.00448542674165
36.96   0.00324870253668
36.98   0.00183094615946
37.0   0.0
37.02   0.0
37.04   0.0
37.06   0.0
37.08   0.0
37.1   0.0
37.12   0.0
37.14   0.0
37.16   0.0
37.18   0.0
37.2   0.0
37.22   0.0
37.24   0.0
37.26   0.0
37.28   0.0
37.3   0.0
37.32   0.0
37.34   0.0
37.36   0.0
37.38   0.0
37.4   0.0
37.42   0.0
37.44   0.0
