35.02   0.0
35.04   0.0
35.06   0.0
35.08   0.0
35.1   0.0
35.12   0.0
35.14   0.0
35.16   0.0
35.18   0.0
35.2   0.0
35.22   0.000691505124574
35.24   0.000991752800413
35.26   0.000458854572096
35.28   0.000890651601222
35.3   0.000927800570485
35.32   0.00127189803075
35.34   0.000563600664719
35.36   0.000556899849553
35.38   0.00120794580083
35.4   0.00058734800365
35.42   0.00079989611063
35.44   0.00281028537921
35.46   0.00170733995331
35.48   0.00191988806029
35.5   0.00204473659841
35.52   0.00120488987909
35.54   0.00137358820164
35.56   0.00202463415292
35.58   0.00197408355332
35.6   0.00376522389975
35.62   0.00323232567144
35.64   0.00248017852097
35.66   0.00400822016083
35.68   0.00400151934567
35.7   0.00281087435091
35.72   0.00442661555963
35.74   0.00494611215761
35.76   0.0047201624203
35.78   0.00598510535358
35.8   0.00839014268202
35.82   0.00974278518416
35.84   0.00920988695585
35.86   0.0119657225597
35.88   0.0123975195889
35.9   0.014671007564
35.92   0.0178653410122
35.94   0.0222436186399
35.96   0.0275865915251
35.98   0.0346397060031
36.0   0.0428329148762
36.02   0.0546218060725
36.04   0.0677700405861
36.06   0.0933716138776
36.08   0.116649148594
36.1   0.15536180743
36.12   0.206922453104
36.14   0.283609025255
36.16   0.414713179884
36.18   0.617424032485
36.2   0.85749490142
36.22   1.0
36.24   0.912337580111
36.26   0.645197992553
36.28   0.381917186024
36.3   0.218701587563
36.32   0.151648566356
36.34   0.135285895949
36.36   0.0978753290152
36.38   0.0795394183086
36.4   0.058747919674
36.42   0.036904026213
36.44   0.0184365661532
36.46   0.0200523073619
36.48   0.0141258856488
36.5   0.0131544895761
36.52   0.0166119217309
36.54   0.014895079323
36.56   0.0134413356217
36.58   0.0120314417048
36.6   0.00632426891378
36.62   0.00517747370346
36.64   0.00446917633742
36.66   0.00275233392951
36.68   0.00335953009636
36.7   0.00431752453864
36.72   0.00365307695703
36.74   0.00303247915985
36.76   0.00298192856026
36.78   0.00279982860738
36.8   0.00138993469047
36.82   0.00129553430645
36.84   0.00155193219786
36.86   0.000931334400683
36.88   0.00136313142981
36.9   0.000304035788342
36.92   0.000385034542034
36.94   0.000378333726868
36.96   0.000371632911702
36.98   0.00010183338996
37.0   0.000752879341233
37.02   0.0
37.04   0.000739477710901
37.06   0.000601227542447
37.08   0.000901475218286
37.1   0.0
37.12   0.0
37.14   0.0
37.16   0.0
37.18   0.0
37.2   0.000159673776422
37.22   0.0
37.24   0.0
37.26   0.0
37.28   0.0
37.3   0.0
37.32   0.0
37.34   0.0
37.36   0.0
37.38   0.0
37.4   0.0
37.42   0.0
37.44   0.0
