26 111
26.02 104
26.04 120
26.06 112
26.08 123
26.10 127
26.12 116
26.14 147
26.16 140
26.18 130
26.20 125
26.22 134
26.24 121
26.26 122
26.28 115
26.30 125
26.32 124
26.34 113
26.36 115
26.38 120
26.40 117
26.42 102
26.44 112
26.46 146
26.48 112
26.50 136
26.52 111
26.54 111
26.56 118
26.58 132
26.60 129
26.62 115
26.64 104
26.66 102
26.68 119
26.70 99
26.72 90
26.74 101
26.76 97
26.78 98
26.80 103
26.82 104
26.84 83
26.86 113
26.88 95
26.90 100
26.92 93
26.94 79
26.96 109
26.98 94
27.00 96
27.02 111
27.04 90
27.06 97
27.08 108
27.10 107
27.12 103
27.14 102
27.16 101
27.18 94
27.20 102
27.22 89
27.24 101
27.26 92
27.28 104
27.30 107
27.32 100
27.34 107
27.36 125
27.38 112
27.40 104
27.42 119
27.44 103
27.46 120
27.48 140
27.50 111
27.52 128
27.54 128
27.56 125
27.58 159
27.60 142
27.62 158
27.64 156
27.66 178
27.68 194
27.70 212
27.72 246
27.74 211
27.76 276
27.78 222
27.80 245
27.82 232
27.84 233
27.86 223
27.88 185
27.90 185
27.92 188
27.94 167
27.96 164
27.98 161
28.00 145
28.02 154
28.04 157
28.06 168
28.08 135
28.10 122
28.12 149
28.14 140
28.16 130
28.18 123
28.20 122
28.22 126
28.24 123
28.26 123
28.28 113
28.30 86
28.32 132
28.34 120
28.36 122
28.38 127
28.40 111
28.42 130
28.44 129
28.46 127
28.48 119
28.50 99
28.52 113
28.54 124
28.56 122
28.58 112
28.60 121
28.62 120
28.64 102
28.66 105
28.68 115
28.70 119
28.72 125
28.74 117
28.76 106
28.78 125
28.80 118
28.82 112
28.84 124
28.86 118
28.88 101
28.90 106
28.92 107
28.94 126
28.96 128
28.98 108
29.00 124
29.02 125
29.04 136
29.06 119
29.08 126
29.10 107
29.12 121
29.14 128
29.16 125
29.18 134
29.20 110
29.22 116
29.24 115
29.26 118
29.28 127
29.30 111
29.32 134
29.34 119
29.36 125
29.38 108
29.40 116
29.42 119
29.44 122
29.46 142
29.48 128
29.50 127
29.52 146
29.54 149
29.56 149
29.58 121
29.60 141
29.62 130
29.64 162
29.66 141
29.68 131
29.70 136
29.72 171
29.74 146
29.76 146
29.78 162
29.80 146
29.82 148
29.84 166
29.86 138
29.88 163
29.90 154
29.92 154
29.94 171
29.96 165
29.98 148
30.00 167
30.02 146
30.04 142
30.06 166
30.08 165
30.10 166
30.12 169
30.14 170
30.16 184
30.18 167
30.20 189
30.22 161
30.24 152
30.26 173
30.28 186
30.30 162
30.32 183
30.34 195
30.36 182
30.38 165
30.40 204
30.42 186
30.44 230
30.46 209
30.48 209
30.50 202
30.52 204
30.54 209
30.56 226
30.58 233
30.60 251
30.62 279
30.64 281
30.66 303
30.68 311
30.70 344
30.72 328
30.74 372
30.76 390
30.78 456
30.80 436
30.82 431
30.84 418
30.86 431
30.88 441
30.90 407
30.92 411
30.94 377
30.96 382
30.98 364
31.00 376
31.02 349
31.04 363
31.06 385
31.08 395
31.10 388
31.12 399
31.14 416
31.16 412
31.18 419
31.20 452
31.22 454
31.24 510
31.26 507
31.28 603
31.30 599
31.32 655
31.34 715
31.36 760
31.38 846
31.40 963
31.42 1000
31.44 1198
31.46 1325
31.48 1521
31.50 1691
31.52 2026
31.54 2326
31.56 2637
31.58 2935
31.60 3361
31.62 4126
31.64 4509
31.66 5194
31.68 5717
31.70 6248
31.72 6756
31.74 6824
31.76 6787
31.78 6410
31.80 5996
31.82 5746
31.84 4876
31.86 4388
31.88 3717
31.90 3225
31.92 2595
31.94 2355
31.96 2044
31.98 1746
32.00 1511
32.02 1299
32.04 1183
32.06 1032
32.08 927
32.10 891
32.12 757
32.14 726
32.16 690
32.18 608
32.20 580
32.22 559
32.24 525
32.26 494
32.28 500
32.30 492
32.32 459
32.34 456
32.36 457
32.38 462
32.40 450
32.42 461
32.44 413
32.46 467
32.48 478
32.50 468
32.52 474
32.54 439
32.56 475
32.58 484
32.60 465
32.62 454
32.64 435
32.66 459
32.68 399
32.70 407
32.72 398
32.74 356
32.76 416
32.78 364
32.80 396
32.82 408
32.84 379
32.86 372
32.88 327
32.90 355
32.92 408
32.94 417
32.96 369
32.98 391
33.00 346
33.02 367
33.04 390
33.06 395
33.08 386
33.10 399
33.12 419
33.14 349
33.16 415
33.18 376
33.20 406
33.22 395
33.24 428
33.26 467
33.28 460
33.30 467
33.32 448
33.34 474
33.36 465
33.38 459
33.40 449
33.42 435
33.44 458
33.46 386
33.48 383
33.50 367
33.52 322
33.54 348
33.56 337
33.58 313
33.60 298
33.62 330
33.64 307
33.66 335
33.68 337
33.70 312
33.72 358
33.74 344
33.76 305
33.78 319
33.80 346
33.82 343
33.84 341
33.86 334
33.88 352
33.90 355
33.92 380
33.94 391
33.96 445
33.98 435
34.00 507
34.02 516
34.04 499
34.06 541
34.08 683
34.10 668
34.12 749
34.14 875
34.16 1028
34.18 1140
34.20 1333
34.22 1600
34.24 1925
34.26 2323
34.28 3000
34.30 3507
34.32 4448
34.34 5311
34.36 6396
34.38 7289
34.40 7490
34.42 7143
34.44 6527
34.46 5804
34.48 5206
34.50 4538
34.52 3763
34.54 2843
34.56 2137
34.58 1786
34.60 1426
34.62 1280
34.64 982
34.66 929
34.68 788
34.70 720
34.72 654
34.74 598
34.76 548
34.78 551
34.80 490
34.82 538
34.84 481
34.86 481
34.88 457
34.90 416
34.92 439
34.94 408
34.96 416
34.98 393
35.00 418
35.02 397
35.04 449
35.06 417
35.08 397
35.10 415
35.12 432
35.14 457
35.16 465
35.18 456
35.20 451
35.22 525
35.24 467
35.26 506
35.28 521
35.30 519
35.32 481
35.34 477
35.36 514
35.38 467
35.40 562
35.42 483
35.44 555
35.46 571
35.48 586
35.50 588
35.52 585
35.54 612
35.56 592
35.58 634
35.60 621
35.62 637
35.64 691
35.66 766
35.68 808
35.70 778
35.72 865
35.74 902
35.76 963
35.78 974
35.80 1101
35.82 1219
35.84 1292
35.86 1472
35.88 1580
35.90 1790
35.92 1862
35.94 2079
35.96 2390
35.98 2606
36.00 2975
36.02 3555
36.04 4035
36.06 4501
36.08 5299
36.10 6118
36.12 7112
36.14 8004
36.16 9160
36.18 10147
36.20 10902
36.22 11326
36.24 11373
36.26 10841
36.28 10428
36.30 9621
36.32 8804
36.34 7884
36.36 6964
36.38 5903
36.40 4965
36.42 4341
36.44 3683
36.46 3151
36.48 2782
36.50 2329
36.52 2081
36.54 1861
36.56 1540
36.58 1473
36.60 1304
36.62 1153
36.64 1137
36.66 969
36.68 910
36.70 842
36.72 781
36.74 779
36.76 694
36.78 674
36.80 618
36.82 539
36.84 544
36.86 542
36.88 504
36.90 528
36.92 468
36.94 433
36.96 421
36.98 407
37.00 384
37.02 341
37.04 389
37.06 358
37.08 307
37.10 337
37.12 308
37.14 346
37.16 307
37.18 297
37.20 307
37.22 276
37.24 289
37.26 273
37.28 261
37.30 245
37.32 240
37.34 253
37.36 234
37.38 235
37.40 243
37.42 237
37.44 222
37.46 205
37.48 225
37.50 214
37.52 192
37.54 200
37.56 210
37.58 206
37.60 199
37.62 204
37.64 185
37.66 205
37.68 183
37.70 176
37.72 203
37.74 182
37.76 160
37.78 186
37.80 167
37.82 151
37.84 148
37.86 146
37.88 156
37.90 155
37.92 187
37.94 171
37.96 149
37.98 156
38.00 179
38.02 153
38.04 158
38.06 156
38.08 156
38.10 172
38.12 166
38.14 152
38.16 152
38.18 137
38.20 171
38.22 139
38.24 145
38.26 158
38.28 142
38.30 162
38.32 158
38.34 167
38.36 168
38.38 166
38.40 159
38.42 153
38.44 168
38.46 158
38.48 177
38.50 160
38.52 185
38.54 182
38.56 189
38.58 182
38.60 189
38.62 222
38.64 189
38.66 179
38.68 198
38.70 207
38.72 163
38.74 193
38.76 192
38.78 163
38.80 172
38.82 186
38.84 165
38.86 172
38.88 161
38.90 168
38.92 167
38.94 134
38.96 135
38.98 160
39.00 135
39.02 110
39.04 133
39.06 127
39.08 130
39.10 120
39.12 117
39.14 146
39.16 123
39.18 122
39.20 116
39.22 101
39.24 112
39.26 117
39.28 134
39.30 101
39.32 130
39.34 107
39.36 104
39.38 104
39.40 107
39.42 115
39.44 91
39.46 107
39.48 105
39.50 129
39.52 114
39.54 96
39.56 110
39.58 117
39.60 111
39.62 86
39.64 99
39.66 96
39.68 86
39.70 98
39.72 106
39.74 85
39.76 91
39.78 103
39.80 109
39.82 108
39.84 106
39.86 87
39.88 92
39.90 116
39.92 98
39.94 98
39.96 93
39.98 98
40.00 91
40.02 74
40.04 87
40.06 84
40.08 108
40.10 90
40.12 105
40.14 107
40.16 93
40.18 100
40.20 77
40.22 114
40.24 83
40.26 89
40.28 92
40.30 81
40.32 85
40.34 78
40.36 89
40.38 87
40.40 106
40.42 84
40.44 88
40.46 95
40.48 93
40.50 81
40.52 92
40.54 86
40.56 93
40.58 71
40.60 109
40.62 87
40.64 90
40.66 109
40.68 105
40.70 92
40.72 80
40.74 90
40.76 96
40.78 92
40.80 92
40.82 87
40.84 98
40.86 92
40.88 102
40.90 92
40.92 98
40.94 101
40.96 77
40.98 96
41.00 111
41.02 88
41.04 110
41.06 109
41.08 90
41.10 94
41.12 83
41.14 91
41.16 104
41.18 108
41.20 80
41.22 99
41.24 106
41.26 114
41.28 87
41.30 96
41.32 105
41.34 98
41.36 103
41.38 102
41.40 109
41.42 113
41.44 104
41.46 113
41.48 106
41.50 95
41.52 95
41.54 110
41.56 88
41.58 122
41.60 105
41.62 118
41.64 125
41.66 107
41.68 115
41.70 127
41.72 105
41.74 83
41.76 105
41.78 112
41.80 109
41.82 112
41.84 119
41.86 101
41.88 104
41.90 115
41.92 100
41.94 108
41.96 107
41.98 108
42.00 117
42.02 115
42.04 116
42.06 96
42.08 108
42.10 121
42.12 101
42.14 116
42.16 101
42.18 126
42.20 113
42.22 134
42.24 112
42.26 124
42.28 129
42.30 117
42.32 122
42.34 120
42.36 120
42.38 130
42.40 121
42.42 119
42.44 124
42.46 104
42.48 124
42.50 113
42.52 110
42.54 114
42.56 117
42.58 106
42.60 100
42.62 98
42.64 97
42.66 116
42.68 125
42.70 113
42.72 89
42.74 115
42.76 90
42.78 109
42.80 99
42.82 79
42.84 90
42.86 95
42.88 99
42.90 86
42.92 110
42.94 115
42.96 95
42.98 122
43.00 104
43.02 106
43.04 96
43.06 108
43.08 83
43.10 90
43.12 77
43.14 83
43.16 76
43.18 74
43.20 97
43.22 88
43.24 71
43.26 70
43.28 78
43.30 91
43.32 81
43.34 87
43.36 89
43.38 89
43.40 85
43.42 92
43.44 75
43.46 86
43.48 87
43.50 83
43.52 84
43.54 87
43.56 83
43.58 77
43.60 83
43.62 81
43.64 76
43.66 86
43.68 79
43.70 69
43.72 66
43.74 86
43.76 93
43.78 75
43.80 79
43.82 76
43.84 74
43.86 78
43.88 82
43.90 85
43.92 93
43.94 80
43.96 85
43.98 73
44.00 74
44.02 83
44.04 77
44.06 82
44.08 71
44.10 82
44.12 68
44.14 80
44.16 75
44.18 80
44.20 77
44.22 86
44.24 86
44.26 78
44.28 87
44.30 83
44.32 70
44.34 68
44.36 77
44.38 62
44.40 81
44.42 79
44.44 86
44.46 69
44.48 83
44.50 78
44.52 83
44.54 71
44.56 81
44.58 66
44.60 74
44.62 69
44.64 66
44.66 77
44.68 84
44.70 100
44.72 68
44.74 81
44.76 70
44.78 75
44.80 81
44.82 88
44.84 87
44.86 94
44.88 88
44.90 71
44.92 104
44.94 84
44.96 80
44.98 100
45.00 66
45.02 82
45.04 99
45.06 91
45.08 69
45.10 72
45.12 86
45.14 70
45.16 55
45.18 77
45.20 69
45.22 76
45.24 67
45.26 83
45.28 71
45.30 66
45.32 85
45.34 73
45.36 64
45.38 85
45.40 82
45.42 84
45.44 75
45.46 67
45.48 77
45.50 75
45.52 98
45.54 81
45.56 77
45.58 96
45.60 89
45.62 77
45.64 98
45.66 92
45.68 86
45.70 89
45.72 87
45.74 109
45.76 97
45.78 108
45.80 95
45.82 94
45.84 94
45.86 117
45.88 108
45.90 108
45.92 99
45.94 119
45.96 114
45.98 96
46.00 110
46.02 101
46.04 113
46.06 115
46.08 110
46.10 96
46.12 113
46.14 112
46.16 111
46.18 120
46.20 119
46.22 114
46.24 105
46.26 114
46.28 132
46.30 121
46.32 108
46.34 111
46.36 117
46.38 118
46.40 136
46.42 102
46.44 125
46.46 113
46.48 128
46.50 134
46.52 142
46.54 135
46.56 152
46.58 137
46.60 124
46.62 144
46.64 158
46.66 142
46.68 150
46.70 164
46.72 185
46.74 180
46.76 213
46.78 199
46.80 206
46.82 236
46.84 206
46.86 189
46.88 211
46.90 224
46.92 256
46.94 243
46.96 240
46.98 264
47.00 298
47.02 297
47.04 321
47.06 294
47.08 336
47.10 365
47.12 353
47.14 397
47.16 431
47.18 441
47.20 546
47.22 526
47.24 613
47.26 651
47.28 730
47.30 848
47.32 912
47.34 1066
47.36 1190
47.38 1344
47.40 1530
47.42 1720
47.44 1992
47.46 2194
47.48 2336
47.50 2428
47.52 2494
47.54 2418
47.56 2322
47.58 2143
47.60 2082
47.62 1954
47.64 1807
47.66 1529
47.68 1429
47.70 1234
47.72 1066
47.74 887
47.76 830
47.78 705
47.80 635
47.82 552
47.84 490
47.86 475
47.88 413
47.90 393
47.92 340
47.94 330
47.96 318
47.98 284
48.00 259
48.02 268
48.04 237
48.06 206
48.08 219
48.10 205
48.12 199
48.14 208
48.16 175
48.18 189
48.20 170
48.22 158
48.24 156
48.26 169
48.28 144
48.30 147
48.32 128
48.34 157
48.36 125
48.38 138
48.40 132
48.42 143
48.44 118
48.46 137
48.48 127
48.50 109
48.52 130
48.54 130
48.56 122
48.58 149
48.60 123
48.62 128
48.64 112
48.66 111
48.68 117
48.70 121
48.72 123
48.74 95
48.76 95
48.78 102
48.80 95
48.82 128
48.84 113
48.86 107
48.88 96
48.90 106
48.92 89
48.94 100
48.96 115
48.98 106
49.00 91
49.02 119
49.04 105
49.06 117
49.08 111
49.10 89
49.12 112
49.14 101
49.16 107
49.18 105
49.20 104
49.22 109
49.24 105
49.26 121
49.28 120
49.30 100
49.32 98
49.34 120
49.36 95
49.38 121
49.40 107
49.42 125
49.44 97
49.46 106
49.48 91
49.50 90
49.52 94
49.54 96
49.56 100
49.58 90
49.60 96
49.62 104
49.64 82
49.66 89
49.68 86
49.70 99
49.72 80
49.74 96
49.76 83
49.78 78
49.80 88
49.82 82
49.84 93
49.86 94
49.88 89
49.90 88
49.92 92
49.94 104
49.96 95
49.98 82
50.00 85
50.02 78
50.04 78
50.06 89
50.08 94
50.10 106
50.12 100
50.14 66
50.16 82
50.18 75
50.20 93
50.22 87
50.24 81
50.26 84
50.28 86
50.30 84
50.32 98
50.34 65
50.36 90
50.38 88
50.40 80
50.42 85
50.44 87
50.46 71
50.48 83
50.50 89
50.52 96
50.54 86
50.56 76
50.58 82
50.60 71
50.62 104
50.64 65
50.66 99
50.68 83
50.70 66
50.72 89
50.74 91
50.76 89
50.78 82
50.80 88
50.82 100
50.84 86
50.86 73
50.88 86
50.90 92
50.92 77
50.94 106
50.96 73
50.98 89
51.00 104
51.02 90
51.04 89
51.06 80
51.08 83
51.10 110
51.12 95
51.14 81
51.16 83
51.18 86
51.20 82
51.22 100
51.24 77
51.26 104
51.28 88
51.30 102
51.32 90
51.34 93
51.36 94
51.38 90
51.40 83
51.42 72
51.44 85
51.46 97
51.48 108
51.50 87
51.52 85
51.54 90
51.56 63
51.58 100
51.60 86
51.62 98
51.64 89
51.66 91
51.68 99
51.70 106
51.72 102
51.74 99
51.76 92
51.78 101
51.80 107
51.82 96
51.84 103
51.86 94
51.88 91
51.90 95
51.92 88
51.94 102
51.96 88
51.98 90
52.00 111
52.02 92
52.04 98
52.06 100
52.08 105
52.10 103
52.12 91
52.14 98
52.16 91
52.18 97
52.20 86
52.22 90
52.24 95
52.26 105
52.28 92
52.30 114
52.32 95
52.34 82
52.36 117
52.38 89
52.40 84
52.42 87
52.44 104
52.46 91
52.48 101
52.50 108
52.52 90
52.54 104
52.56 112
52.58 95
52.60 109
52.62 103
52.64 123
52.66 110
52.68 99
52.70 109
52.72 92
52.74 85
52.76 93
52.78 99
52.80 100
52.82 99
52.84 94
52.86 101
52.88 96
52.90 114
52.92 103
52.94 118
52.96 99
52.98 94
53.00 117
53.02 117
53.04 91
53.06 113
53.08 118
53.10 106
53.12 111
53.14 115
53.16 103
53.18 118
53.20 116
53.22 87
53.24 105
53.26 96
53.28 100
53.30 113
53.32 87
53.34 118
53.36 83
53.38 104
53.40 101
53.42 98
53.44 106
53.46 117
53.48 124
53.50 143
53.52 116
53.54 110
53.56 101
53.58 133
53.60 102
53.62 105
53.64 118
53.66 112
53.68 98
53.70 105
53.72 94
53.74 129
53.76 122
53.78 103
53.80 112
53.82 111
53.84 89
53.86 96
53.88 126
53.90 135
53.92 127
53.94 141
53.96 122
53.98 130
54.00 132
54.02 104
54.04 135
54.06 131
54.08 130
54.10 142
54.12 151
54.14 154
54.16 145
54.18 143
54.20 116
54.22 111
54.24 110
54.26 121
54.28 142
54.30 116
54.32 119
54.34 130
54.36 163
54.38 89
54.40 128
54.42 146
54.44 113
54.46 136
54.48 119
54.50 143
54.52 123
54.54 134
54.56 135
54.58 125
54.60 135
54.62 139
54.64 134
54.66 123
54.68 132
54.70 152
54.72 129
54.74 138
54.76 145
54.78 148
54.80 131
54.82 162
54.84 156
54.86 107
54.88 112
54.90 132
54.92 144
54.94 138
54.96 124
54.98 126
55.00 136
55.02 147
55.04 113
55.06 137
55.08 143
55.10 144
55.12 140
55.14 121
55.16 132
55.18 147
55.20 128
55.22 127
55.24 138
55.26 143
55.28 152
55.30 143
55.32 148
55.34 115
55.36 157
55.38 129
55.40 153
55.42 148
55.44 149
55.46 139
55.48 135
55.50 163
55.52 153
55.54 161
55.56 166
55.58 140
55.60 173
55.62 170
55.64 193
55.66 156
55.68 156
55.70 186
55.72 160
55.74 174
55.76 171
55.78 220
55.80 187
55.82 184
55.84 206
55.86 214
55.88 219
55.90 225
55.92 254
55.94 228
55.96 274
55.98 254
56.00 284
56.02 308
56.04 334
56.06 320
56.08 365
56.10 374
56.12 416
56.14 436
56.16 444
56.18 513
56.20 557
56.22 619
56.24 691
56.26 732
56.28 816
56.30 955
56.32 1075
56.34 1165
56.36 1320
56.38 1606
56.40 1693
56.42 1964
56.44 2178
56.46 2449
56.48 2626
56.50 2925
56.52 3175
56.54 3367
56.56 3300
56.58 3289
56.60 3190
56.62 3046
56.64 2970
56.66 2908
56.68 2723
56.70 2585
56.72 2393
56.74 2108
56.76 1974
56.78 1819
56.80 1554
56.82 1342
56.84 1172
56.86 1094
56.88 1001
56.90 849
56.92 799
56.94 687
56.96 634
56.98 610
57.00 556
57.02 484
57.04 459
57.06 471
57.08 396
57.10 360
57.12 382
57.14 344
57.16 349
57.18 309
57.20 302
57.22 354
57.24 315
57.26 288
57.28 286
57.30 306
57.32 320
57.34 279
57.36 280
57.38 279
57.40 277
57.42 275
57.44 260
57.46 245
57.48 258
57.50 229
57.52 249
57.54 252
57.56 226
57.58 217
57.60 241
57.62 195
57.64 201
57.66 183
57.68 194
57.70 186
57.72 176
57.74 178
57.76 181
57.78 189
57.80 171
57.82 165
57.84 151
57.86 144
57.88 152
57.90 146
57.92 155
57.94 166
57.96 161
57.98 145
58.00 162
58.02 134
58.04 133
58.06 144
58.08 144
58.10 137
58.12 160
58.14 145
58.16 139
58.18 143
58.20 118
58.22 136
58.24 143
58.26 120
58.28 126
58.30 148
58.32 128
58.34 124
58.36 133
58.38 135
58.40 113
58.42 136
58.44 133
58.46 136
58.48 129
58.50 129
58.52 127
58.54 131
58.56 117
58.58 134
58.60 141
58.62 139
58.64 145
58.66 135
58.68 144
58.70 146
58.72 127
58.74 148
58.76 148
58.78 159
58.80 137
58.82 134
58.84 158
58.86 150
58.88 140
58.90 152
58.92 148
58.94 170
58.96 163
58.98 156
59.00 160
59.02 181
59.04 184
59.06 181
59.08 183
59.10 204
59.12 201
59.14 190
59.16 220
59.18 214
59.20 201
59.22 208
59.24 194
59.26 236
59.28 186
59.30 219
59.32 225
59.34 213
59.36 225
59.38 230
59.40 255
59.42 202
59.44 249
59.46 237
59.48 230
59.50 218
59.52 236
59.54 230
59.56 203
59.58 250
59.60 208
59.62 206
59.64 210
59.66 204
59.68 213
59.70 194
59.72 203
59.74 178
59.76 181
59.78 190
59.80 193
59.82 173
59.84 196
59.86 163
59.88 151
59.90 148
59.92 176
59.94 173
59.96 179
59.98 185
60.00 153
60.02 148
60.04 166
60.06 151
60.08 160
60.10 179
60.12 147
60.14 139
60.16 146
60.18 140
60.20 158
60.22 142
60.24 125
60.26 146
60.28 128
60.30 135
60.32 136
60.34 121
60.36 124
60.38 141
60.40 143
60.42 116
60.44 115
60.46 128
60.48 126
60.50 111
60.52 119
60.54 114
60.56 129
60.58 116
60.60 102
60.62 108
60.64 112
60.66 121
60.68 110
60.70 138
60.72 114
60.74 106
60.76 119
60.78 135
60.80 108
60.82 128
60.84 106
60.86 133
60.88 109
60.90 110
60.92 109
60.94 101
60.96 116
60.98 122
61.00 114
61.02 128
61.04 118
61.06 125
61.08 115
61.10 110
61.12 91
61.14 114
61.16 133
61.18 111
61.20 149
61.22 113
61.24 128
61.26 130
61.28 123
61.30 128
61.32 131
61.34 120
61.36 126
61.38 122
61.40 114
61.42 114
61.44 140
61.46 128
61.48 119
61.50 129
61.52 148
61.54 139
61.56 138
61.58 141
61.60 136
61.62 152
61.64 155
61.66 128
61.68 152
61.70 144
61.72 156
61.74 181
61.76 156
61.78 153
61.80 157
61.82 153
61.84 149
61.86 186
61.88 193
61.90 171
61.92 178
61.94 183
61.96 193
61.98 166
62.00 177
62.02 197
62.04 189
62.06 225
62.08 191
62.10 200
62.12 198
62.14 228
62.16 240
62.18 269
62.20 214
62.22 252
62.24 287
62.26 259
62.28 290
62.30 343
62.32 329
62.34 313
62.36 348
62.38 389
62.40 452
62.42 445
62.44 499
62.46 522
62.48 550
62.50 607
62.52 659
62.54 703
62.56 816
62.58 877
62.60 984
62.62 1086
62.64 1255
62.66 1426
62.68 1592
62.70 1741
62.72 1989
62.74 2342
62.76 2500
62.78 2844
62.80 2955
62.82 3146
62.84 3153
62.86 3083
62.88 2864
62.90 2697
62.92 2679
62.94 2373
62.96 2367
62.98 2219
63.00 2186
63.02 2039
63.04 1746
63.06 1517
63.08 1381
63.10 1186
63.12 1070
63.14 905
63.16 903
63.18 776
63.20 657
63.22 639
63.24 547
63.26 515
63.28 498
63.30 416
63.32 415
63.34 426
63.36 379
63.38 318
63.40 327
63.42 325
63.44 283
63.46 258
63.48 250
63.50 254
63.52 258
63.54 219
63.56 231
63.58 212
63.60 188
63.62 213
63.64 236
63.66 183
63.68 197
63.70 182
63.72 186
63.74 160
63.76 186
63.78 172
63.80 160
63.82 158
63.84 155
63.86 166
63.88 147
63.90 177
63.92 153
63.94 159
63.96 158
63.98 154
64.00 159
64.02 147
64.04 142
64.06 150
64.08 161
64.10 176
64.12 135
64.14 139
64.16 134
64.18 144
64.20 126
64.22 121
64.24 131
64.26 142
64.28 133
64.30 152
64.32 155
64.34 113
64.36 143
64.38 124
64.40 132
64.42 129
64.44 140
64.46 124
64.48 132
64.50 111
64.52 124
64.54 137
64.56 108
64.58 119
64.60 113
64.62 124
64.64 112
64.66 116
64.68 116
64.70 128
64.72 116
64.74 117
64.76 142
64.78 114
64.80 118
64.82 126
64.84 127
64.86 111
64.88 124
64.90 93
64.92 102
64.94 121
64.96 118
64.98 118
65.00 113
65.02 105
65.04 142
65.06 100
65.08 127
65.10 118
65.12 120
65.14 96
65.16 120
65.18 97
65.20 132
65.22 120
65.24 110
65.26 120
65.28 110
65.30 123
65.32 97
65.34 119
65.36 111
65.38 119
65.40 118
65.42 105
65.44 105
65.46 132
65.48 133
65.50 135
65.52 126
65.54 141
65.56 132
65.58 114
65.60 124
65.62 152
65.64 117
65.66 123
65.68 123
65.70 135
65.72 132
65.74 147
65.76 119
65.78 146
65.80 126
65.82 142
65.84 152
65.86 136
65.88 147
65.90 136
65.92 163
65.94 169
65.96 181
65.98 192
66.00 177
66.02 229
66.04 191
66.06 226
66.08 222
66.10 252
66.12 248
66.14 237
66.16 301
66.18 312
66.20 359
66.22 369
66.24 405
66.26 444
66.28 507
66.30 531
66.32 507
66.34 513
66.36 503
66.38 503
66.40 512
66.42 403
66.44 446
66.46 479
66.48 440
66.50 442
66.52 425
66.54 382
66.56 352
66.58 318
66.60 335
66.62 277
66.64 280
66.66 252
66.68 259
66.70 224
66.72 227
66.74 218
66.76 207
66.78 202
66.80 218
66.82 212
66.84 190
66.86 182
66.88 181
66.90 195
66.92 177
66.94 179
66.96 183
66.98 173
67.00 204
67.02 172
67.04 172
67.06 179
67.08 197
67.10 165
67.12 188
67.14 196
67.16 181
67.18 190
67.20 210
67.22 215
67.24 198
67.26 201
67.28 247
67.30 263
67.32 256
67.34 291
67.36 253
67.38 310
67.40 315
67.42 327
67.44 300
67.46 350
67.48 378
67.50 405
67.52 463
67.54 460
67.56 518
67.58 578
67.60 651
67.62 656
67.64 721
67.66 794
67.68 850
67.70 969
67.72 1145
67.74 1209
67.76 1335
67.78 1475
67.80 1667
67.82 1840
67.84 2065
67.86 2086
67.88 2237
67.90 2353
67.92 2300
67.94 2349
67.96 2229
67.98 2121
68.00 2086
68.02 2009
68.04 1958
68.06 1750
68.08 1762
68.10 1678
68.12 1537
68.14 1420
68.16 1314
68.18 1138
68.20 1099
68.22 952
68.24 877
68.26 793
68.28 723
68.30 635
68.32 622
68.34 594
68.36 495
68.38 505
68.40 481
68.42 430
68.44 390
68.46 373
68.48 390
68.50 354
68.52 336
68.54 375
68.56 325
68.58 339
68.60 366
68.62 332
68.64 356
68.66 372
68.68 388
68.70 395
68.72 396
68.74 455
68.76 429
68.78 463
68.80 497
68.82 560
68.84 614
68.86 604
68.88 713
68.90 773
68.92 827
68.94 904
68.96 1009
68.98 1008
69.00 1102
69.02 1232
69.04 1146
69.06 1118
69.08 1137
69.10 1135
69.12 1017
69.14 1042
69.16 992
69.18 987
69.20 913
69.22 861
69.24 818
69.26 813
69.28 767
69.30 675
69.32 626
69.34 561
69.36 541
69.38 492
69.40 438
69.42 407
69.44 356
69.46 306
69.48 327
69.50 292
69.52 270
69.54 278
69.56 241
69.58 231
69.60 221
69.62 202
69.64 209
69.66 218
69.68 192
69.70 164
69.72 173
69.74 152
69.76 155
69.78 151
69.80 168
69.82 146
69.84 166
69.86 126
69.88 131
69.90 160
69.92 155
69.94 132
69.96 148
69.98 130
70.00 129
70.02 115
70.04 135
70.06 116
70.08 130
70.10 122
70.12 127
70.14 111
70.16 109
70.18 104
70.20 107
70.22 107
70.24 104
70.26 127
70.28 83
70.30 98
70.32 109
70.34 93
70.36 88
70.38 100
70.40 101
70.42 96
70.44 101
70.46 99
70.48 84
70.50 100
70.52 93
70.54 79
70.56 93
70.58 77
70.60 79
70.62 92
70.64 78
70.66 79
70.68 89
70.70 92
70.72 98
70.74 84
70.76 92
70.78 83
70.80 92
70.82 85
70.84 92
70.86 72
70.88 79
70.90 83
70.92 93
70.94 70
70.96 75
70.98 68
71.00 75
71.02 83
71.04 90
71.06 78
71.08 70
71.10 79
71.12 79
71.14 73
71.16 76
71.18 86
71.20 77
71.22 66
71.24 86
71.26 76
71.28 73
71.30 78
71.32 59
71.34 70
71.36 83
71.38 95
71.40 67
71.42 83
71.44 65
71.46 88
71.48 76
71.50 87
71.52 86
71.54 78
71.56 70
71.58 85
71.60 92
71.62 86
71.64 76
71.66 82
71.68 85
71.70 74
71.72 69
71.74 93
71.76 80
71.78 75
71.80 83
71.82 86
71.84 67
71.86 76
71.88 71
71.90 97
71.92 80
71.94 70
71.96 73
71.98 88
72.00 70
72.02 98
72.04 72
72.06 87
72.08 70
72.10 80
72.12 101
72.14 95
72.16 92
72.18 90
72.20 93
72.22 94
72.24 123
72.26 102
72.28 119
72.30 102
72.32 111
72.34 139
72.36 128
72.38 153
72.40 168
72.42 176
72.44 198
72.46 252
72.48 260
72.50 275
72.52 281
72.54 303
72.56 289
72.58 264
72.60 245
72.62 210
72.64 233
72.66 214
72.68 213
72.70 206
72.72 176
72.74 214
72.76 189
72.78 188
72.80 188
72.82 165
72.84 126
72.86 119
72.88 102
72.90 101
72.92 80
72.94 84
72.96 83
72.98 73
73.00 97
73.02 84
73.04 88
73.06 80
73.08 75
73.10 83
73.12 80
73.14 57
73.16 72
73.18 78
73.20 64
73.22 71
73.24 82
73.26 64
73.28 78
73.30 71
73.32 65
73.34 56
73.36 71
73.38 68
73.40 73
73.42 62
73.44 67
73.46 58
73.48 59
73.50 65
73.52 60
73.54 52
73.56 70
73.58 59
73.60 54
73.62 59
73.64 52
73.66 66
73.68 58
73.70 50
73.72 63
73.74 62
73.76 68
73.78 60
73.80 47
73.82 42
73.84 61
73.86 57
73.88 62
73.90 65
73.92 77
73.94 72
73.96 60
73.98 71
74.00 51
74.02 56
74.04 56
74.06 53
74.08 61
74.10 59
74.12 55
74.14 60
74.16 61
74.18 50
74.20 67
74.22 67
74.24 63
74.26 49
74.28 65
74.30 67
74.32 54
74.34 66
74.36 58
74.38 51
74.40 62
74.42 54
74.44 74
74.46 52
74.48 58
74.50 69
74.52 59
74.54 50
74.56 57
74.58 67
74.60 63
74.62 45
74.64 85
74.66 59
74.68 62
74.70 51
74.72 75
74.74 63
74.76 53
74.78 57
74.80 54
74.82 36
74.84 59
74.86 54
74.88 68
74.90 63
74.92 54
74.94 58
74.96 53
74.98 58
75.00 56
75.02 65
75.04 54
75.06 47
75.08 67
75.10 53
75.12 59
75.14 52
75.16 58
75.18 57
75.20 63
75.22 47
75.24 58
75.26 54
75.28 67
75.30 61
75.32 52
75.34 53
75.36 48
75.38 75
75.40 57
75.42 61
75.44 57
75.46 68
75.48 56
75.50 58
75.52 60
75.54 59
75.56 60
75.58 56
75.60 47
75.62 62
75.64 53
75.66 59
75.68 60
75.70 58
75.72 60
75.74 58
75.76 76
75.78 66
75.80 72
75.82 71
75.84 62
75.86 71
75.88 56
75.90 73
75.92 72
75.94 69
75.96 58
75.98 72
76.00 65
76.02 59
76.04 77
76.06 64
76.08 66
76.10 62
76.12 60
76.14 70
76.16 55
76.18 76
76.20 72
76.22 59
76.24 77
76.26 68
76.28 74
76.30 69
76.32 73
76.34 76
76.36 95
76.38 96
76.40 84
76.42 81
76.44 114
76.46 115
76.48 104
76.50 96
76.52 92
76.54 124
76.56 126
76.58 116
76.60 132
76.62 149
76.64 159
76.66 149
76.68 160
76.70 162
76.72 208
76.74 196
76.76 242
76.78 260
76.80 271
76.82 274
76.84 354
76.86 351
76.88 336
76.90 332
76.92 378
76.94 365
76.96 380
76.98 332
77.00 313
77.02 287
77.04 303
77.06 293
77.08 269
77.10 269
77.12 283
77.14 254
77.16 255
77.18 287
77.20 220
77.22 215
77.24 157
77.26 173
77.28 184
77.30 152
77.32 133
77.34 133
77.36 142
77.38 140
77.40 92
77.42 105
77.44 115
77.46 103
77.48 81
77.50 90
77.52 82
77.54 92
77.56 102
77.58 77
77.60 81
77.62 80
77.64 79
77.66 79
77.68 84
77.70 75
77.72 70
77.74 64
77.76 77
77.78 59
77.80 79
77.82 65
77.84 67
77.86 76
77.88 82
77.90 60
77.92 59
77.94 53
77.96 61
77.98 65
78.00 66
78.02 67
78.04 72
78.06 63
78.08 53
78.10 66
78.12 68
78.14 70
78.16 53
78.18 64
78.20 59
78.22 57
78.24 52
78.26 68
78.28 55
78.30 49
78.32 60
78.34 57
78.36 51
78.38 46
78.40 59
78.42 56
78.44 62
78.46 57
78.48 73
78.50 53
78.52 46
78.54 45
78.56 58
78.58 54
78.60 55
78.62 53
78.64 56
78.66 52
78.68 46
78.70 43
78.72 48
78.74 64
78.76 45
78.78 49
78.80 46
78.82 44
78.84 62
78.86 60
78.88 60
78.90 55
78.92 47
78.94 59
78.96 55
78.98 38
79.00 46
79.02 63
79.04 47
79.06 58
79.08 65
79.10 65
79.12 55
79.14 66
79.16 56
79.18 54
79.20 68
79.22 55
79.24 54
79.26 50
79.28 68
79.30 56
79.32 65
79.34 49
79.36 49
79.38 59
79.40 45
79.42 55
79.44 57
79.46 52
79.48 59
79.50 48
79.52 47
79.54 69
79.56 54
79.58 44
79.60 56
79.62 78
79.64 46
79.66 47
79.68 52
79.70 64
79.72 65
79.74 52
79.76 72
79.78 60
79.80 52
79.82 57
79.84 45
79.86 55
79.88 43
79.90 51
79.92 56
79.94 38
79.96 53
79.98 57
80.00 53
80.02 53
80.04 42
80.06 46
80.08 56
80.10 57
80.12 46
80.14 49
80.16 49
80.18 53
80.20 54
80.22 51
80.24 56
80.26 51
80.28 52
80.30 54
80.32 52
80.34 63
80.36 55
80.38 62
80.40 47
80.42 47
80.44 53
80.46 70
80.48 60
80.50 45
80.52 50
80.54 49
80.56 59
80.58 55
80.60 64
80.62 54
80.64 58
80.66 55
80.68 62
80.70 53
80.72 73
80.74 55
80.76 69
80.78 69
80.80 65
80.82 76
80.84 66
80.86 66
80.88 79
80.90 55
80.92 78
80.94 75
80.96 83
80.98 79
81.00 78
81.02 96
81.04 96
81.06 81
81.08 98
81.10 106
81.12 118
81.14 111
81.16 120
81.18 121
81.20 138
81.22 166
81.24 185
81.26 178
81.28 198
81.30 211
81.32 208
81.34 221
81.36 228
81.38 216
81.40 206
81.42 203
81.44 214
81.46 155
81.48 180
81.50 175
81.52 145
81.54 141
81.56 182
81.58 191
81.60 158
81.62 159
81.64 142
81.66 119
81.68 136
81.70 111
81.72 119
81.74 90
81.76 107
81.78 89
81.80 84
81.82 96
81.84 79
81.86 99
81.88 77
81.90 77
81.92 78
81.94 76
81.96 72
81.98 78
82.00 65
82.02 60
82.04 75
82.06 61
82.08 58
82.10 68
82.12 63
82.14 73
82.16 73
82.18 65
82.20 56
82.22 65
82.24 61
82.26 69
82.28 70
82.30 69
82.32 62
82.34 76
82.36 64
82.38 64
82.40 54
82.42 65
82.44 60
82.46 57
82.48 55
82.50 54
82.52 64
82.54 57
82.56 56
82.58 57
82.60 64
82.62 49
82.64 54
82.66 61
82.68 42
82.70 53
82.72 42
82.74 73
82.76 63
82.78 63
82.80 63
82.82 57
82.84 52
82.86 70
82.88 63
82.90 55
82.92 74
82.94 52
82.96 55
82.98 76
83.00 48
83.02 59
83.04 68
83.06 53
83.08 64
83.10 51
83.12 40
83.14 43
83.16 43
83.18 49
83.20 50
83.22 62
83.24 48
83.26 69
83.28 72
83.30 53
83.32 61
83.34 55
83.36 59
83.38 62
83.40 72
83.42 51
83.44 48
83.46 52
83.48 52
83.50 49
83.52 55
83.54 48
83.56 55
83.58 49
83.60 51
83.62 56
83.64 60
83.66 63
83.68 49
83.70 43
83.72 42
83.74 46
83.76 33
83.78 48
83.80 45
83.82 42
83.84 44
83.86 50
83.88 48
83.90 50
83.92 63
83.94 44
83.96 50
83.98 60
84.00 56
84.02 65
84.04 50
84.06 43
84.08 46
84.10 26
84.12 51
84.14 41
84.16 50
84.18 41
84.20 57
84.22 42
84.24 51
84.26 54
84.28 67
84.30 46
84.32 51
84.34 63
84.36 51
84.38 49
84.40 56
84.42 47
84.44 44
84.46 51
84.48 58
84.50 62
84.52 58
84.54 42
84.56 53
84.58 33
84.60 54
84.62 64
84.64 41
84.66 34
84.68 45
84.70 55
84.72 47
84.74 53
84.76 56
84.78 48
84.80 50
84.82 41
84.84 56
84.86 50
84.88 32
84.90 49
84.92 44
84.94 44
84.96 47
84.98 53
85.00 54
85.02 44
85.04 43
85.06 51
85.08 48
85.10 54
85.12 41
85.14 48
85.16 40
85.18 48
85.20 39
85.22 53
85.24 53
85.26 44
85.28 46
85.30 60
85.32 54
85.34 48
85.36 42
85.38 38
85.40 50
85.42 43
85.44 43
85.46 37
85.48 45
85.50 51
85.52 48
85.54 56
85.56 43
85.58 54
85.60 56
85.62 49
85.64 53
85.66 55
85.68 59
85.70 37
85.72 55
85.74 53
85.76 51
85.78 48
85.80 47
85.82 45
85.84 42
85.86 51
85.88 66
85.90 40
85.92 61
85.94 52
85.96 36
85.98 45
86.00 53
86.02 45
86.04 49
86.06 50
86.08 54
86.10 61
86.12 51
86.14 46
86.16 54
86.18 58
86.20 54
86.22 42
86.24 60
86.26 53
86.28 52
86.30 45
86.32 52
86.34 64
86.36 48
86.38 48
86.40 48
86.42 46
86.44 50
86.46 47
86.48 55
86.50 54
86.52 54
86.54 43
86.56 52
86.58 65
86.60 41
86.62 41
86.64 68
86.66 46
86.68 58
86.70 55
86.72 55
86.74 55
86.76 64
86.78 57
86.80 59
86.82 51
86.84 68
86.86 52
86.88 54
86.90 58
86.92 42
86.94 54
86.96 47
86.98 66
87.00 57
87.02 40
87.04 45
87.06 47
87.08 59
87.10 52
87.12 49
87.14 54
87.16 52
87.18 44
87.20 52
87.22 54
87.24 41
87.26 51
87.28 49
87.30 57
87.32 40
87.34 57
87.36 59
87.38 46
87.40 53
87.42 50
87.44 49
87.46 47
87.48 61
87.50 51
87.52 57
87.54 56
87.56 60
87.58 68
87.60 47
87.62 52
87.64 58
87.66 47
87.68 49
87.70 67
87.72 56
87.74 50
87.76 60
87.78 68
87.80 61
87.82 34
87.84 57
87.86 55
87.88 49
87.90 58
87.92 63
87.94 65
87.96 60
87.98 71
88.00 67
88.02 59
88.04 59
88.06 53
88.08 49
88.10 68
88.12 56
88.14 52
88.16 57
88.18 57
88.20 66
88.22 54
88.24 64
88.26 70
88.28 53
88.30 56
88.32 64
88.34 56
88.36 57
88.38 70
88.40 73
88.42 70
88.44 60
88.46 67
88.48 87
88.50 55
88.52 67
88.54 57
88.56 81
88.58 91
88.60 83
88.62 75
88.64 64
88.66 88
88.68 90
88.70 87
88.72 62
88.74 100
88.76 73
88.78 97
88.80 81
88.82 107
88.84 79
88.86 103
88.88 91
88.90 93
88.92 124
88.94 123
88.96 111
88.98 130
89.00 131
89.02 113
89.04 112
89.06 140
89.08 132
89.10 171
89.12 161
89.14 173
89.16 192
89.18 186
89.20 194
89.22 184
89.24 204
89.26 244
89.28 289
89.30 281
89.32 311
89.34 312
89.36 339
89.38 384
89.40 451
89.42 456
89.44 501
89.46 523
89.48 566
89.50 543
89.52 625
89.54 704
89.56 684
89.58 707
89.60 669
89.62 659
89.64 627
89.66 591
89.68 603
89.70 540
89.72 552
89.74 547
89.76 528
89.78 470
89.80 466
89.82 489
89.84 477
89.86 446
89.88 452
89.90 406
89.92 365
89.94 378
89.96 328
89.98 281
90.00 298
90.02 259
90.04 290
90.06 240
90.08 223
90.10 213
90.12 177
90.14 179
90.16 161
90.18 172
90.20 144
90.22 179
90.24 146
90.26 138
90.28 146
90.30 127
90.32 106
90.34 115
90.36 114
90.38 103
90.40 114
90.42 109
90.44 98
90.46 100
90.48 88
90.50 84
90.52 89
90.54 85
90.56 103
90.58 98
90.60 81
90.62 74
90.64 106
90.66 89
90.68 78
90.70 88
90.72 79
90.74 67
90.76 80
90.78 67
90.80 71
90.82 64
90.84 65
90.86 77
90.88 76
90.90 86
90.92 88
90.94 70
90.96 78
90.98 77
91.00 78
91.02 71
91.04 64
91.06 64
91.08 81
91.10 80
91.12 81
91.14 74
91.16 65
91.18 64
91.20 76
91.22 85
91.24 71
91.26 70
91.28 83
91.30 85
91.32 79
91.34 55
91.36 69
91.38 55
91.40 75
91.42 68
91.44 80
91.46 74
91.48 69
91.50 68
91.52 82
91.54 75
91.56 73
91.58 73
91.60 73
91.62 66
91.64 67
91.66 62
91.68 85
91.70 62
91.72 82
91.74 86
91.76 63
91.78 72
91.80 87
91.82 63
91.84 97
91.86 80
91.88 84
91.90 83
91.92 68
91.94 74
91.96 91
91.98 76
92.00 82
92.02 89
92.04 81
92.06 81
92.08 91
92.10 94
92.12 104
92.14 108
92.16 101
92.18 88
92.20 85
92.22 93
92.24 114
92.26 106
92.28 103
92.30 99
92.32 130
92.34 107
92.36 126
92.38 129
92.40 122
92.42 134
92.44 116
92.46 145
92.48 138
92.50 172
92.52 178
92.54 199
92.56 183
92.58 194
92.60 226
92.62 233
92.64 225
92.66 244
92.68 240
92.70 241
92.72 257
92.74 253
92.76 275
92.78 267
92.80 272
92.82 260
92.84 240
92.86 216
92.88 254
92.90 230
92.92 220
92.94 249
92.96 232
92.98 208
93.00 187
93.02 195
93.04 181
93.06 198
93.08 190
93.10 188
93.12 140
93.14 158
93.16 168
93.18 153
93.20 155
93.22 131
93.24 141
93.26 140
93.28 107
93.30 113
93.32 124
93.34 109
93.36 117
93.38 103
93.40 108
93.42 100
93.44 84
93.46 84
93.48 110
93.50 95
93.52 91
93.54 99
93.56 85
93.58 96
93.60 88
93.62 76
93.64 78
93.66 83
93.68 84
93.70 81
93.72 84
93.74 76
93.76 83
93.78 79
93.80 83
93.82 87
93.84 93
93.86 76
93.88 95
93.90 83
93.92 76
93.94 85
93.96 75
93.98 97
94.00 103
94.02 103
94.04 83
94.06 86
94.08 85
94.10 82
94.12 76
94.14 74
94.16 75
94.18 90
94.20 92
94.22 92
94.24 87
94.26 97
94.28 109
94.30 87
94.32 95
94.34 86
94.36 112
94.38 99
94.40 88
94.42 97
94.44 105
94.46 120
94.48 115
94.50 121
94.52 99
94.54 106
94.56 111
94.58 129
94.60 129
94.62 140
94.64 142
94.66 149
94.68 133
94.70 153
94.72 170
94.74 155
94.76 174
94.78 163
94.80 205
94.82 200
94.84 204
94.86 221
94.88 211
94.90 216
94.92 269
94.94 253
94.96 282
94.98 318
95.00 316
95.02 354
95.04 369
95.06 398
95.08 431
95.10 473
95.12 516
95.14 517
95.16 559
95.18 601
95.20 585
95.22 664
95.24 620
95.26 676
95.28 640
95.30 657
95.32 633
95.34 583
95.36 549
95.38 559
95.40 522
95.42 510
95.44 478
95.46 497
95.48 486
95.50 532
95.52 478
95.54 453
95.56 453
95.58 448
95.60 435
95.62 419
95.64 409
95.66 386
95.68 340
95.70 326
95.72 303
95.74 278
95.76 275
95.78 235
95.80 221
95.82 216
95.84 224
95.86 202
95.88 188
95.90 148
95.92 146
95.94 152
95.96 155
95.98 125
96.00 141
96.02 110
96.04 137
96.06 142
96.08 117
96.10 114
96.12 101
96.14 123
96.16 114
96.18 90
96.20 90
96.22 115
96.24 101
96.26 98
96.28 111
96.30 90
96.32 84
96.34 105
96.36 74
96.38 112
96.40 98
96.42 94
96.44 77
96.46 85
96.48 92
96.50 88
96.52 89
96.54 66
96.56 90
96.58 88
96.60 93
96.62 77
96.64 83
96.66 82
96.68 82
96.70 88
96.72 80
96.74 92
96.76 70
96.78 90
96.80 83
96.82 86
96.84 81
96.86 79
96.88 75
96.90 70
96.92 78
96.94 71
96.96 72
96.98 83
97.00 75
97.02 81
97.04 90
97.06 75
97.08 71
97.10 79
97.12 68
97.14 78
97.16 80
97.18 91
97.20 76
97.22 65
97.24 85
97.26 81
97.28 85
97.30 64
97.32 73
97.34 58
97.36 78
97.38 85
97.40 74
97.42 74
97.44 67
97.46 88
97.48 80
97.50 66
97.52 98
97.54 90
97.56 83
97.58 74
97.60 95
97.62 73
97.64 85
97.66 82
97.68 87
97.70 72
97.72 85
97.74 81
97.76 95
97.78 96
97.80 82
97.82 101
97.84 107
97.86 94
97.88 85
97.90 112
97.92 101
97.94 114
97.96 104
97.98 96
98.00 98
98.02 107
98.04 101
98.06 125
98.08 118
98.10 121
98.12 127
98.14 119
98.16 134
98.18 144
98.20 150
98.22 137
98.24 174
98.26 176
98.28 183
98.30 196
98.32 193
98.34 223
98.36 226
98.38 261
98.40 238
98.42 270
98.44 303
98.46 354
98.48 347
98.50 343
98.52 353
98.54 398
98.56 396
98.58 379
98.60 413
98.62 394
98.64 382
98.66 337
98.68 320
98.70 341
98.72 308
98.74 309
98.76 287
98.78 317
98.80 295
98.82 283
98.84 326
98.86 269
98.88 258
98.90 298
98.92 277
98.94 243
98.96 249
98.98 248
99.00 234
99.02 226
99.04 190
99.06 178
99.08 197
99.10 166
99.12 155
99.14 155
99.16 163
99.18 165
99.20 140
99.22 123
99.24 145
99.26 108
99.28 101
99.30 110
99.32 98
99.34 99
99.36 99
99.38 91
99.40 93
99.42 97
99.44 98
99.46 94
99.48 77
99.50 88
99.52 75
99.54 86
99.56 74
99.58 85
99.60 78
99.62 68
99.64 80
99.66 81
99.68 97
99.70 73
99.72 76
99.74 92
99.76 90
99.78 69
99.80 92
99.82 70
99.84 72
99.86 71
99.88 60
99.90 58
99.92 59
99.94 64
99.96 81
99.98 68
100.00 72
100.02 63
100.04 71
100.06 82
100.08 68
100.10 75
100.12 61
100.14 61
100.16 63
100.18 79
100.20 68
100.22 59
100.24 64
100.26 72
100.28 66
100.30 75
100.32 84
100.34 67
100.36 77
100.38 78
100.40 60
100.42 74
100.44 58
100.46 65
100.48 70
100.50 43
100.52 53
100.54 68
100.56 75
100.58 54
100.60 72
100.62 61
100.64 80
100.66 55
100.68 79
100.70 70
100.72 56
100.74 68
100.76 64
100.78 56
100.80 74
100.82 61
100.84 59
100.86 65
100.88 64
100.90 57
100.92 63
100.94 57
100.96 72
100.98 70
101.00 80
101.02 74
101.04 83
101.06 72
101.08 60
101.10 68
101.12 69
101.14 65
101.16 56
101.18 76
101.20 70
101.22 70
101.24 60
101.26 84
101.28 69
101.30 76
101.32 66
101.34 64
101.36 48
101.38 71
101.40 90
101.42 73
101.44 83
101.46 64
101.48 72
101.50 71
101.52 60
101.54 66
101.56 72
101.58 78
101.60 63
101.62 63
101.64 67
101.66 68
101.68 59
101.70 72
101.72 87
101.74 73
101.76 88
101.78 77
101.80 54
101.82 89
101.84 72
101.86 86
101.88 73
101.90 75
101.92 81
101.94 82
101.96 72
101.98 87
102.00 81
102.02 62
102.04 79
102.06 80
102.08 84
102.10 69
102.12 96
102.14 88
102.16 91
102.18 85
102.20 95
102.22 77
102.24 89
102.26 98
102.28 100
102.30 120
102.32 95
102.34 121
102.36 105
102.38 103
102.40 109
102.42 107
102.44 139
102.46 138
102.48 120
102.50 116
102.52 125
102.54 147
102.56 181
102.58 161
102.60 177
102.62 177
102.64 163
102.66 151
102.68 220
102.70 196
102.72 199
102.74 248
102.76 246
102.78 254
102.80 269
102.82 287
102.84 275
102.86 285
102.88 274
102.90 286
102.92 279
102.94 263
102.96 253
102.98 256
103.00 271
103.02 255
103.04 240
103.06 255
103.08 223
103.10 225
103.12 254
103.14 259
103.16 217
103.18 198
103.20 216
103.22 227
103.24 252
103.26 225
103.28 190
103.30 206
103.32 191
103.34 207
103.36 204
103.38 185
103.40 205
103.42 160
103.44 166
103.46 172
103.48 153
103.50 172
103.52 180
103.54 158
103.56 169
103.58 185
103.60 174
103.62 164
103.64 159
103.66 168
103.68 174
103.70 180
103.72 183
103.74 177
103.76 223
103.78 222
103.80 246
103.82 254
103.84 272
103.86 303
103.88 271
103.90 321
103.92 345
103.94 370
103.96 422
103.98 444
104.00 450
104.02 466
104.04 528
104.06 527
104.08 501
104.10 541
104.12 543
104.14 484
104.16 512
104.18 460
104.20 440
104.22 422
104.24 400
104.26 396
104.28 378
104.30 368
104.32 355
104.34 340
104.36 346
104.38 387
104.40 373
104.42 350
104.44 331
104.46 333
104.48 325
104.50 310
104.52 303
104.54 308
104.56 275
104.58 248
104.60 240
104.62 222
104.64 197
104.66 206
104.68 174
104.70 198
104.72 167
104.74 172
104.76 140
104.78 155
104.80 145
104.82 128
104.84 113
104.86 123
104.88 111
104.90 142
104.92 117
104.94 114
104.96 98
104.98 110
105.00 105
105.02 92
105.04 94
105.06 92
105.08 115
105.10 86
105.12 86
105.14 99
105.16 97
105.18 93
105.20 78
105.22 75
105.24 88
105.26 96
105.28 76
105.30 73
105.32 74
105.34 83
105.36 81
105.38 76
105.40 76
105.42 71
105.44 77
105.46 83
105.48 75
105.50 66
105.52 77
105.54 71
105.56 68
105.58 74
105.60 68
105.62 66
105.64 72
105.66 77
105.68 72
105.70 79
105.72 72
105.74 67
105.76 86
105.78 62
105.80 78
105.82 76
105.84 72
105.86 61
105.88 70
105.90 72
105.92 58
105.94 66
105.96 67
105.98 72
106.00 69
106.02 52
106.04 64
106.06 78
106.08 60
106.10 79
106.12 59
106.14 66
106.16 55
106.18 64
106.20 59
106.22 62
106.24 68
106.26 66
106.28 84
106.30 65
106.32 66
106.34 75
106.36 74
106.38 59
106.40 57
106.42 72
106.44 81
106.46 54
106.48 52
106.50 65
106.52 64
106.54 60
106.56 70
106.58 70
106.60 77
106.62 72
106.64 56
106.66 95
106.68 56
106.70 75
106.72 61
106.74 78
106.76 78
106.78 68
106.80 67
106.82 79
106.84 73
106.86 63
106.88 67
106.90 56
106.92 78
106.94 84
106.96 67
106.98 77
107.00 78
107.02 81
107.04 81
107.06 83
107.08 78
107.10 90
107.12 91
107.14 85
107.16 80
107.18 89
107.20 98
107.22 88
107.24 111
107.26 109
107.28 111
107.30 113
107.32 105
107.34 124
107.36 128
107.38 117
107.40 130
107.42 113
107.44 106
107.46 104
107.48 113
107.50 108
107.52 112
107.54 87
107.56 104
107.58 112
107.60 120
107.62 123
107.64 84
107.66 91
107.68 98
107.70 82
107.72 104
107.74 98
107.76 93
107.78 109
107.80 111
107.82 102
107.84 102
107.86 81
107.88 99
107.90 82
107.92 83
107.94 83
107.96 75
107.98 94
108.00 79
108.02 81
108.04 82
108.06 88
108.08 86
108.10 77
108.12 68
108.14 66
108.16 76
108.18 64
108.20 76
108.22 76
108.24 66
108.26 69
108.28 81
108.30 66
108.32 76
108.34 75
108.36 86
108.38 57
108.40 77
108.42 55
108.44 64
108.46 68
108.48 73
108.50 70
108.52 75
108.54 73
108.56 58
108.58 72
108.60 66
108.62 68
108.64 74
108.66 68
108.68 64
108.70 65
108.72 75
108.74 74
108.76 64
108.78 68
108.80 74
108.82 65
108.84 65
108.86 68
108.88 64
108.90 52
108.92 57
108.94 58
108.96 75
108.98 63
109.00 85
109.02 56
109.04 67
109.06 53
109.08 68
109.10 62
109.12 61
109.14 66
109.16 82
109.18 74
109.20 79
109.22 67
109.24 63
109.26 75
109.28 54
109.30 88
109.32 64
109.34 70
109.36 82
109.38 71
109.40 81
109.42 60
109.44 73
109.46 89
109.48 93
109.50 81
109.52 75
109.54 70
109.56 87
109.58 80
109.60 72
109.62 87
109.64 107
109.66 83
109.68 90
109.70 77
109.72 98
109.74 96
109.76 92
109.78 98
109.80 87
109.82 104
109.84 92
109.86 129
109.88 129
109.90 116
109.92 122
109.94 128
109.96 146
109.98 149
110.00 141
110.02 154
110.04 186
110.06 163
110.08 173
110.10 205
110.12 205
110.14 253
110.16 241
110.18 229
110.20 242
110.22 252
110.24 278
110.26 244
110.28 299
110.30 275
110.32 292
110.34 296
110.36 288
110.38 271
110.40 264
110.42 264
110.44 243
110.46 249
110.48 223
110.50 252
110.52 248
110.54 243
110.56 253
110.58 235
110.60 227
110.62 202
110.64 247
110.66 204
110.68 225
110.70 244
110.72 228
110.74 234
110.76 227
110.78 191
110.80 197
110.82 206
110.84 172
110.86 191
110.88 150
110.90 148
110.92 146
110.94 131
110.96 118
110.98 118
111.00 125
111.02 137
111.04 131
111.06 110
111.08 104
111.10 92
111.12 99
111.14 91
111.16 105
111.18 85
111.20 90
111.22 87
111.24 108
111.26 94
111.28 81
111.30 94
111.32 84
111.34 63
111.36 88
111.38 73
111.40 87
111.42 84
111.44 84
111.46 82
111.48 87
111.50 77
111.52 77
111.54 73
111.56 63
111.58 67
111.60 69
111.62 68
111.64 73
111.66 75
111.68 74
111.70 67
111.72 73
111.74 72
111.76 67
111.78 62
111.80 70
111.82 72
111.84 73
111.86 62
111.88 59
111.90 75
111.92 84
111.94 57
111.96 80
111.98 57
112.00 56
112.02 74
112.04 65
112.06 67
112.08 69
112.10 62
112.12 61
112.14 67
112.16 62
112.18 62
112.20 58
112.22 61
112.24 61
112.26 69
112.28 70
112.30 66
112.32 56
112.34 61
112.36 57
112.38 58
112.40 62
112.42 69
112.44 82
112.46 50
112.48 81
112.50 69
112.52 48
112.54 75
112.56 56
112.58 62
112.60 63
112.62 59
112.64 67
112.66 77
112.68 56
112.70 52
112.72 67
112.74 61
112.76 71
112.78 51
112.80 73
112.82 76
112.84 59
112.86 68
112.88 69
112.90 80
112.92 59
112.94 74
112.96 70
112.98 59
113.00 70
113.02 63
113.04 59
113.06 64
113.08 52
113.10 57
113.12 64
113.14 69
113.16 63
113.18 71
113.20 66
113.22 64
113.24 61
113.26 83
113.28 62
113.30 58
113.32 71
113.34 68
113.36 69
113.38 76
113.40 65
113.42 56
113.44 73
113.46 66
113.48 63
113.50 83
113.52 71
113.54 69
113.56 71
113.58 76
113.60 59
113.62 81
113.64 69
113.66 75
113.68 73
113.70 58
113.72 74
113.74 58
113.76 59
113.78 87
113.80 49
113.82 63
113.84 71
113.86 72
113.88 66
113.90 71
113.92 62
113.94 87
113.96 74
113.98 66
114.00 80
114.02 56
114.04 65
114.06 77
114.08 64
114.10 71
114.12 77
114.14 66
114.16 78
114.18 67
114.20 66
114.22 77
114.24 74
114.26 80
114.28 76
114.30 76
114.32 70
114.34 68
114.36 79
114.38 66
114.40 78
114.42 96
114.44 63
114.46 84
114.48 86
114.50 79
114.52 84
114.54 77
114.56 89
114.58 76
114.60 81
114.62 87
114.64 83
114.66 82
114.68 78
114.70 82
114.72 73
114.74 85
114.76 79
114.78 76
114.80 101
114.82 84
114.84 86
114.86 85
114.88 87
114.90 74
114.92 92
114.94 90
114.96 87
114.98 81
115.00 81
115.02 96
115.04 105
115.06 97
115.08 94
115.10 100
115.12 77
115.14 91
115.16 90
115.18 95
115.20 118
115.22 89
115.24 111
115.26 123
115.28 127
115.30 103
115.32 117
115.34 122
115.36 130
115.38 115
115.40 133
115.42 148
115.44 112
115.46 134
115.48 158
115.50 120
115.52 134
115.54 135
115.56 153
115.58 148
115.60 159
115.62 172
115.64 164
115.66 167
115.68 194
115.70 219
115.72 203
115.74 233
115.76 235
115.78 206
115.80 265
115.82 227
115.84 292
115.86 290
115.88 318
115.90 284
115.92 328
115.94 342
115.96 360
115.98 386
116.00 436
116.02 416
116.04 471
116.06 491
116.08 542
116.10 527
116.12 541
116.14 532
116.16 583
116.18 632
116.20 616
116.22 597
116.24 587
116.26 643
116.28 632
116.30 567
116.32 524
116.34 515
116.36 546
116.38 509
116.40 499
116.42 518
116.44 451
116.46 518
116.48 439
116.50 475
116.52 495
116.54 449
116.56 471
116.58 456
116.60 393
116.62 441
116.64 411
116.66 417
116.68 431
116.70 437
116.72 402
116.74 372
116.76 369
116.78 331
116.80 311
116.82 303
116.84 313
116.86 330
116.88 288
116.90 285
116.92 264
116.94 281
116.96 222
116.98 217
117.00 214
117.02 202
117.04 204
117.06 170
117.08 186
117.10 178
117.12 188
117.14 186
117.16 136
117.18 162
117.20 153
117.22 145
117.24 149
117.26 132
117.28 142
117.30 130
117.32 141
117.34 126
117.36 146
117.38 114
117.40 121
117.42 126
117.44 126
117.46 104
117.48 110
117.50 109
117.52 135
117.54 95
117.56 96
117.58 102
117.60 116
117.62 105
117.64 79
117.66 92
117.68 110
117.70 83
117.72 121
117.74 97
117.76 102
117.78 88
117.80 89
117.82 91
117.84 99
117.86 86
117.88 85
117.90 85
117.92 96
117.94 85
117.96 75
117.98 94
118.00 73
118.02 89
118.04 94
118.06 86
118.08 85
118.10 78
118.12 93
118.14 93
118.16 81
118.18 86
118.20 79
118.22 88
118.24 79
118.26 79
118.28 94
118.30 88
118.32 72
118.34 82
118.36 69
118.38 82
118.40 83
118.42 74
118.44 85
118.46 78
118.48 78
118.50 80
118.52 82
118.54 67
118.56 67
118.58 59
118.60 77
118.62 67
118.64 70
118.66 79
118.68 68
118.70 72
118.72 64
118.74 95
118.76 76
118.78 87
118.80 78
118.82 85
118.84 55
118.86 76
118.88 67
118.90 69
118.92 77
118.94 75
118.96 79
118.98 71
119.00 67
119.02 62
119.04 82
119.06 77
119.08 80
119.10 66
119.12 77
119.14 83
119.16 85
119.18 63
119.20 76
119.22 80
119.24 67
119.26 63
119.28 75
119.30 68
119.32 60
119.34 60
119.36 67
119.38 82
119.40 69
119.42 63
119.44 88
119.46 68
119.48 72
119.50 71
119.52 74
119.54 68
119.56 83
119.58 62
119.60 71
119.62 75
119.64 71
119.66 59
119.68 96
119.70 82
119.72 65
119.74 77
119.76 68
119.78 76
119.80 76
119.82 81
119.84 61
119.86 72
119.88 78
119.90 76
119.92 69
119.94 80
119.96 70
119.98 77
120.00 74
120.02 76
120.04 82
120.06 86
120.08 85
120.10 65
120.12 69
120.14 83
120.16 88
120.18 82
120.20 82
120.22 81
120.24 91
120.26 80
120.28 67
120.30 65
120.32 89
120.34 86
120.36 74
120.38 85
120.40 82
120.42 87
120.44 79
120.46 103
120.48 90
120.50 86
120.52 98
120.54 102
120.56 96
120.58 94
120.60 93
120.62 87
120.64 107
120.66 97
120.68 109
120.70 105
120.72 96
120.74 109
120.76 103
120.78 108
120.80 106
120.82 115
120.84 101
120.86 117
120.88 111
120.90 133
120.92 123
120.94 130
120.96 139
120.98 132
121.00 144
121.02 159
121.04 162
121.06 175
121.08 163
121.10 172
121.12 164
121.14 158
121.16 190
121.18 210
121.20 218
121.22 220
121.24 243
121.26 230
121.28 252
121.30 263
121.32 268
121.34 312
121.36 291
121.38 302
121.40 310
121.42 336
121.44 344
121.46 342
121.48 358
121.50 324
121.52 323
121.54 331
121.56 355
121.58 322
121.60 306
121.62 316
121.64 292
121.66 287
121.68 305
121.70 288
121.72 289
121.74 259
121.76 263
121.78 272
121.80 251
121.82 279
121.84 245
121.86 248
121.88 252
121.90 266
121.92 247
121.94 256
121.96 245
121.98 258
122.00 259
122.02 209
122.04 218
122.06 252
122.08 252
122.10 229
122.12 194
122.14 212
122.16 194
122.18 203
122.20 170
122.22 189
122.24 172
122.26 166
122.28 146
122.30 152
122.32 119
122.34 130
122.36 135
122.38 139
122.40 120
122.42 143
122.44 127
122.46 118
122.48 125
122.50 118
122.52 95
122.54 102
122.56 105
122.58 95
122.60 108
122.62 90
122.64 100
122.66 83
122.68 96
122.70 93
122.72 87
122.74 93
122.76 81
122.78 94
122.80 98
122.82 83
122.84 95
122.86 67
122.88 84
122.90 71
122.92 75
122.94 78
122.96 81
122.98 70
123.00 69
123.02 70
123.04 69
123.06 66
123.08 74
123.10 64
123.12 70
123.14 69
123.16 76
123.18 57
123.20 78
123.22 82
123.24 72
123.26 78
123.28 58
123.30 78
123.32 55
123.34 68
123.36 58
123.38 75
123.40 59
123.42 59
123.44 54
123.46 58
123.48 82
123.50 74
123.52 59
123.54 54
123.56 74
123.58 57
123.60 82
123.62 63
123.64 52
123.66 75
123.68 65
123.70 45
123.72 71
123.74 65
123.76 72
123.78 60
123.80 65
123.82 70
123.84 61
123.86 84
123.88 55
123.90 70
123.92 60
123.94 57
123.96 55
123.98 72
124.00 57
124.02 57
124.04 63
124.06 73
124.08 57
124.10 66
124.12 73
124.14 62
124.16 72
124.18 67
124.20 57
124.22 45
124.24 73
124.26 61
124.28 65
124.30 61
124.32 62
124.34 58
124.36 61
124.38 78
124.40 52
124.42 60
124.44 58
124.46 58
124.48 83
124.50 64
124.52 68
124.54 63
124.56 74
124.58 57
124.60 74
124.62 62
124.64 72
124.66 65
124.68 78
124.70 68
124.72 67
124.74 74
124.76 60
124.78 84
124.80 77
124.82 87
124.84 78
124.86 90
124.88 82
124.90 76
124.92 69
124.94 94
124.96 98
124.98 99
125.00 106
