10.00000 86.000
10.02000 87.000
10.04000 93.000
10.06000 81.000
10.08000 75.000
10.10000 90.000
10.12000 81.000
10.14000 81.000
10.16000 89.000
10.18000 86.000
10.20000 93.000
10.22000 78.000
10.24000 72.000
10.26000 89.000
10.28000 77.000
10.30000 66.000
10.32000 76.000
10.34000 85.000
10.36000 67.000
10.38000 81.000
10.40000 75.000
10.42000 75.000
10.44000 69.000
10.46000 75.000
10.48000 66.000
10.50000 81.000
10.52000 68.000
10.54000 64.000
10.56000 65.000
10.58000 52.000
10.60000 61.000
10.62000 72.000
10.64000 71.000
10.66000 59.000
10.68000 79.000
10.70000 61.000
10.72000 88.000
10.74000 67.000
10.76000 58.000
10.78000 64.000
10.80000 58.000
10.82000 58.000
10.84000 53.000
10.86000 62.000
10.88000 58.000
10.90000 55.000
10.92000 57.000
10.94000 73.000
10.96000 75.000
10.98000 54.000
11.00000 49.000
11.02000 59.000
11.04000 64.000
11.06000 61.000
11.08000 53.000
11.10000 69.000
11.12000 52.000
11.14000 56.000
11.16000 56.000
11.18000 46.000
11.20000 44.000
11.22000 49.000
11.24000 54.000
11.26000 57.000
11.28000 53.000
11.30000 60.000
11.32000 48.000
11.34000 44.000
11.36000 38.000
11.38000 53.000
11.40000 53.000
11.42000 52.000
11.44000 57.000
11.46000 45.000
11.48000 45.000
11.50000 39.000
11.52000 49.000
11.54000 46.000
11.56000 46.000
11.58000 59.000
11.60000 45.000
11.62000 45.000
11.64000 53.000
11.66000 50.000
11.68000 54.000
11.70000 57.000
11.72000 49.000
11.74000 51.000
11.76000 54.000
11.78000 51.000
11.80000 48.000
11.82000 42.000
11.84000 47.000
11.86000 43.000
11.88000 53.000
11.90000 47.000
11.92000 47.000
11.94000 46.000
11.96000 31.000
11.98000 35.000
12.00000 63.000
12.02000 37.000
12.04000 51.000
12.06000 49.000
12.08000 52.000
12.10000 51.000
12.12000 40.000
12.14000 51.000
12.16000 43.000
12.18000 45.000
12.20000 44.000
12.22000 39.000
12.24000 38.000
12.26000 40.000
12.28000 52.000
12.30000 57.000
12.32000 44.000
12.34000 35.000
12.36000 52.000
12.38000 38.000
12.40000 40.000
12.42000 43.000
12.44000 63.000
12.46000 65.000
12.48000 43.000
12.50000 38.000
12.52000 53.000
12.54000 57.000
12.56000 37.000
12.58000 43.000
12.60000 57.000
12.62000 46.000
12.64000 46.000
12.66000 57.000
12.68000 37.000
12.70000 50.000
12.72000 45.000
12.74000 46.000
12.76000 51.000
12.78000 50.000
12.80000 56.000
12.82000 33.000
12.84000 43.000
12.86000 43.000
12.88000 36.000
12.90000 55.000
12.92000 52.000
12.94000 42.000
12.96000 48.000
12.98000 45.000
13.00000 62.000
13.02000 54.000
13.04000 46.000
13.06000 43.000
13.08000 41.000
13.10000 47.000
13.12000 51.000
13.14000 48.000
13.16000 46.000
13.18000 58.000
13.20000 57.000
13.22000 50.000
13.24000 45.000
13.26000 45.000
13.28000 66.000
13.30000 43.000
13.32000 52.000
13.34000 54.000
13.36000 43.000
13.38000 59.000
13.40000 45.000
13.42000 69.000
13.44000 56.000
13.46000 44.000
13.48000 65.000
13.50000 64.000
13.52000 58.000
13.54000 40.000
13.56000 50.000
13.58000 57.000
13.60000 52.000
13.62000 52.000
13.64000 54.000
13.66000 49.000
13.68000 57.000
13.70000 39.000
13.72000 62.000
13.74000 51.000
13.76000 56.000
13.78000 57.000
13.80000 47.000
13.82000 57.000
13.84000 40.000
13.86000 41.000
13.88000 51.000
13.90000 61.000
13.92000 59.000
13.94000 40.000
13.96000 50.000
13.98000 44.000
14.00000 43.000
14.02000 44.000
14.04000 60.000
14.06000 52.000
14.08000 47.000
14.10000 60.000
14.12000 51.000
14.14000 52.000
14.16000 54.000
14.18000 60.000
14.20000 54.000
14.22000 53.000
14.24000 48.000
14.26000 60.000
14.28000 61.000
14.30000 65.000
14.32000 56.000
14.34000 46.000
14.36000 73.000
14.38000 54.000
14.40000 47.000
14.42000 60.000
14.44000 61.000
14.46000 66.000
14.48000 44.000
14.50000 64.000
14.52000 52.000
14.54000 59.000
14.56000 50.000
14.58000 48.000
14.60000 49.000
14.62000 57.000
14.64000 45.000
14.66000 61.000
14.68000 59.000
14.70000 55.000
14.72000 57.000
14.74000 60.000
14.76000 46.000
14.78000 54.000
14.80000 51.000
14.82000 62.000
14.84000 54.000
14.86000 49.000
14.88000 56.000
14.90000 64.000
14.92000 76.000
14.94000 68.000
14.96000 53.000
14.98000 59.000
15.00000 55.000
15.02000 68.000
15.04000 50.000
15.06000 52.000
15.08000 54.000
15.10000 67.000
15.12000 61.000
15.14000 65.000
15.16000 68.000
15.18000 48.000
15.20000 51.000
15.22000 50.000
15.24000 57.000
15.26000 56.000
15.28000 48.000
15.30000 80.000
15.32000 53.000
15.34000 57.000
15.36000 43.000
15.38000 48.000
15.40000 61.000
15.42000 53.000
15.44000 50.000
15.46000 59.000
15.48000 41.000
15.50000 50.000
15.52000 53.000
15.54000 60.000
15.56000 61.000
15.58000 52.000
15.60000 56.000
15.62000 58.000
15.64000 63.000
15.66000 47.000
15.68000 66.000
15.70000 50.000
15.72000 49.000
15.74000 54.000
15.76000 45.000
15.78000 43.000
15.80000 56.000
15.82000 55.000
15.84000 53.000
15.86000 51.000
15.88000 59.000
15.90000 53.000
15.92000 47.000
15.94000 44.000
15.96000 44.000
15.98000 51.000
16.00000 63.000
16.02000 42.000
16.04000 71.000
16.06000 40.000
16.08000 51.000
16.10000 54.000
16.12000 59.000
16.14000 38.000
16.16000 41.000
16.18000 40.000
16.20000 51.000
16.22000 59.000
16.24000 50.000
16.26000 33.000
16.28000 46.000
16.30000 41.000
16.32000 39.000
16.34000 46.000
16.36000 53.000
16.38000 49.000
16.40000 39.000
16.42000 45.000
16.44000 55.000
16.46000 38.000
16.48000 50.000
16.50000 50.000
16.52000 57.000
16.54000 44.000
16.56000 49.000
16.58000 41.000
16.60000 43.000
16.62000 52.000
16.64000 46.000
16.66000 55.000
16.68000 43.000
16.70000 46.000
16.72000 42.000
16.74000 38.000
16.76000 54.000
16.78000 45.000
16.80000 39.000
16.82000 39.000
16.84000 47.000
16.86000 38.000
16.88000 57.000
16.90000 47.000
16.92000 58.000
16.94000 58.000
16.96000 43.000
16.98000 45.000
17.00000 36.000
17.02000 44.000
17.04000 53.000
17.06000 53.000
17.08000 43.000
17.10000 52.000
17.12000 36.000
17.14000 56.000
17.16000 36.000
17.18000 56.000
17.20000 52.000
17.22000 49.000
17.24000 52.000
17.26000 45.000
17.28000 49.000
17.30000 49.000
17.32000 52.000
17.34000 46.000
17.36000 45.000
17.38000 37.000
17.40000 43.000
17.42000 52.000
17.44000 51.000
17.46000 41.000
17.48000 50.000
17.50000 52.000
17.52000 44.000
17.54000 40.000
17.56000 63.000
17.58000 52.000
17.60000 53.000
17.62000 43.000
17.64000 45.000
17.66000 69.000
17.68000 50.000
17.70000 50.000
17.72000 55.000
17.74000 37.000
17.76000 48.000
17.78000 51.000
17.80000 50.000
17.82000 47.000
17.84000 51.000
17.86000 48.000
17.88000 65.000
17.90000 50.000
17.92000 48.000
17.94000 52.000
17.96000 54.000
17.98000 51.000
18.00000 55.000
18.02000 50.000
18.04000 41.000
18.06000 55.000
18.08000 58.000
18.10000 42.000
18.12000 43.000
18.14000 68.000
18.16000 51.000
18.18000 59.000
18.20000 42.000
18.22000 62.000
18.24000 49.000
18.26000 46.000
18.28000 51.000
18.30000 55.000
18.32000 57.000
18.34000 53.000
18.36000 62.000
18.38000 41.000
18.40000 51.000
18.42000 38.000
18.44000 47.000
18.46000 45.000
18.48000 51.000
18.50000 45.000
18.52000 54.000
18.54000 48.000
18.56000 52.000
18.58000 61.000
18.60000 58.000
18.62000 53.000
18.64000 52.000
18.66000 45.000
18.68000 43.000
18.70000 38.000
18.72000 46.000
18.74000 43.000
18.76000 65.000
18.78000 49.000
18.80000 54.000
18.82000 48.000
18.84000 49.000
18.86000 55.000
18.88000 54.000
18.90000 48.000
18.92000 42.000
18.94000 45.000
18.96000 53.000
18.98000 41.000
19.00000 53.000
19.02000 38.000
19.04000 46.000
19.06000 42.000
19.08000 54.000
19.10000 49.000
19.12000 44.000
19.14000 36.000
19.16000 44.000
19.18000 55.000
19.20000 52.000
19.22000 39.000
19.24000 49.000
19.26000 57.000
19.28000 50.000
19.30000 53.000
19.32000 49.000
19.34000 52.000
19.36000 55.000
19.38000 48.000
19.40000 27.000
19.42000 42.000
19.44000 52.000
19.46000 47.000
19.48000 40.000
19.50000 45.000
19.52000 42.000
19.54000 38.000
19.56000 42.000
19.58000 44.000
19.60000 54.000
19.62000 37.000
19.64000 43.000
19.66000 48.000
19.68000 38.000
19.70000 39.000
19.72000 40.000
19.74000 46.000
19.76000 41.000
19.78000 57.000
19.80000 48.000
19.82000 47.000
19.84000 54.000
19.86000 44.000
19.88000 43.000
19.90000 39.000
19.92000 37.000
19.94000 61.000
19.96000 40.000
19.98000 46.000
20.00000 49.000
20.02000 40.000
20.04000 39.000
20.06000 36.000
20.08000 40.000
20.10000 38.000
20.12000 49.000
20.14000 46.000
20.16000 48.000
20.18000 40.000
20.20000 40.000
20.22000 24.000
20.24000 44.000
20.26000 42.000
20.28000 33.000
20.30000 44.000
20.32000 39.000
20.34000 33.000
20.36000 42.000
20.38000 36.000
20.40000 59.000
20.42000 36.000
20.44000 38.000
20.46000 42.000
20.48000 37.000
20.50000 55.000
20.52000 39.000
20.54000 47.000
20.56000 48.000
20.58000 39.000
20.60000 37.000
20.62000 48.000
20.64000 33.000
20.66000 37.000
20.68000 46.000
20.70000 40.000
20.72000 34.000
20.74000 35.000
20.76000 31.000
20.78000 35.000
20.80000 39.000
20.82000 40.000
20.84000 42.000
20.86000 33.000
20.88000 43.000
20.90000 30.000
20.92000 36.000
20.94000 41.000
20.96000 38.000
20.98000 33.000
21.00000 32.000
21.02000 38.000
21.04000 41.000
21.06000 41.000
21.08000 36.000
21.10000 30.000
21.12000 43.000
21.14000 33.000
21.16000 30.000
21.18000 37.000
21.20000 35.000
21.22000 39.000
21.24000 41.000
21.26000 40.000
21.28000 38.000
21.30000 35.000
21.32000 47.000
21.34000 51.000
21.36000 54.000
21.38000 39.000
21.40000 47.000
21.42000 58.000
21.44000 85.000
21.46000 73.000
21.48000 93.000
21.50000 97.000
21.52000 104.000
21.54000 85.000
21.56000 90.000
21.58000 87.000
21.60000 79.000
21.62000 60.000
21.64000 53.000
21.66000 56.000
21.68000 41.000
21.70000 41.000
21.72000 37.000
21.74000 31.000
21.76000 49.000
21.78000 41.000
21.80000 41.000
21.82000 37.000
21.84000 28.000
21.86000 25.000
21.88000 38.000
21.90000 36.000
21.92000 29.000
21.94000 36.000
21.96000 34.000
21.98000 31.000
22.00000 36.000
22.02000 22.000
22.04000 26.000
22.06000 30.000
22.08000 38.000
22.10000 35.000
22.12000 45.000
22.14000 37.000
22.16000 30.000
22.18000 37.000
22.20000 34.000
22.22000 46.000
22.24000 36.000
22.26000 31.000
22.28000 35.000
22.30000 30.000
22.32000 26.000
22.34000 33.000
22.36000 40.000
22.38000 26.000
22.40000 32.000
22.42000 28.000
22.44000 29.000
22.46000 38.000
22.48000 35.000
22.50000 30.000
22.52000 38.000
22.54000 36.000
22.56000 35.000
22.58000 35.000
22.60000 31.000
22.62000 33.000
22.64000 36.000
22.66000 38.000
22.68000 25.000
22.70000 41.000
22.72000 33.000
22.74000 38.000
22.76000 28.000
22.78000 38.000
22.80000 43.000
22.82000 40.000
22.84000 35.000
22.86000 36.000
22.88000 37.000
22.90000 39.000
22.92000 45.000
22.94000 32.000
22.96000 43.000
22.98000 30.000
23.00000 37.000
23.02000 40.000
23.04000 37.000
23.06000 32.000
23.08000 37.000
23.10000 29.000
23.12000 32.000
23.14000 35.000
23.16000 33.000
23.18000 24.000
23.20000 50.000
23.22000 26.000
23.24000 33.000
23.26000 29.000
23.28000 42.000
23.30000 49.000
23.32000 31.000
23.34000 41.000
23.36000 33.000
23.38000 39.000
23.40000 33.000
23.42000 31.000
23.44000 40.000
23.46000 34.000
23.48000 39.000
23.50000 43.000
23.52000 26.000
23.54000 32.000
23.56000 28.000
23.58000 41.000
23.60000 37.000
23.62000 40.000
23.64000 42.000
23.66000 40.000
23.68000 36.000
23.70000 33.000
23.72000 49.000
23.74000 30.000
23.76000 41.000
23.78000 33.000
23.80000 26.000
23.82000 41.000
23.84000 32.000
23.86000 30.000
23.88000 35.000
23.90000 41.000
23.92000 38.000
23.94000 37.000
23.96000 38.000
23.98000 41.000
24.00000 29.000
24.02000 38.000
24.04000 30.000
24.06000 28.000
24.08000 40.000
24.10000 36.000
24.12000 32.000
24.14000 46.000
24.16000 34.000
24.18000 42.000
24.20000 41.000
24.22000 41.000
24.24000 25.000
24.26000 51.000
24.28000 33.000
24.30000 37.000
24.32000 45.000
24.34000 39.000
24.36000 34.000
24.38000 34.000
24.40000 31.000
24.42000 34.000
24.44000 30.000
24.46000 36.000
24.48000 45.000
24.50000 39.000
24.52000 44.000
24.54000 33.000
24.56000 49.000
24.58000 31.000
24.60000 35.000
24.62000 32.000
24.64000 44.000
24.66000 44.000
24.68000 57.000
24.70000 36.000
24.72000 48.000
24.74000 35.000
24.76000 32.000
24.78000 42.000
24.80000 38.000
24.82000 41.000
24.84000 35.000
24.86000 35.000
24.88000 37.000
24.90000 33.000
24.92000 40.000
24.94000 56.000
24.96000 49.000
24.98000 39.000
25.00000 23.000
25.02000 37.000
25.04000 41.000
25.06000 40.000
25.08000 37.000
25.10000 25.000
25.12000 29.000
25.14000 54.000
25.16000 29.000
25.18000 37.000
25.20000 46.000
25.22000 41.000
25.24000 34.000
25.26000 39.000
25.28000 44.000
25.30000 49.000
25.32000 37.000
25.34000 35.000
25.36000 35.000
25.38000 36.000
25.40000 48.000
25.42000 46.000
25.44000 41.000
25.46000 37.000
25.48000 47.000
25.50000 50.000
25.52000 52.000
25.54000 36.000
25.56000 42.000
25.58000 42.000
25.60000 45.000
25.62000 43.000
25.64000 35.000
25.66000 45.000
25.68000 48.000
25.70000 48.000
25.72000 38.000
25.74000 48.000
25.76000 60.000
25.78000 47.000
25.80000 45.000
25.82000 45.000
25.84000 50.000
25.86000 54.000
25.88000 37.000
25.90000 50.000
25.92000 69.000
25.94000 45.000
25.96000 43.000
25.98000 54.000
26.00000 47.000
26.02000 60.000
26.04000 60.000
26.06000 87.000
26.08000 85.000
26.10000 94.000
26.12000 99.000
26.14000 108.000
26.16000 116.000
26.18000 113.000
26.20000 99.000
26.22000 81.000
26.24000 82.000
26.26000 101.000
26.28000 67.000
26.30000 73.000
26.32000 62.000
26.34000 72.000
26.36000 66.000
26.38000 56.000
26.40000 56.000
26.42000 65.000
26.44000 81.000
26.46000 57.000
26.48000 58.000
26.50000 70.000
26.52000 73.000
26.54000 81.000
26.56000 83.000
26.58000 76.000
26.60000 71.000
26.62000 66.000
26.64000 64.000
26.66000 47.000
26.68000 78.000
26.70000 42.000
26.72000 64.000
26.74000 69.000
26.76000 41.000
26.78000 61.000
26.80000 57.000
26.82000 50.000
26.84000 60.000
26.86000 53.000
26.88000 59.000
26.90000 59.000
26.92000 50.000
26.94000 54.000
26.96000 41.000
26.98000 47.000
27.00000 51.000
27.02000 62.000
27.04000 59.000
27.06000 71.000
27.08000 51.000
27.10000 47.000
27.12000 53.000
27.14000 56.000
27.16000 58.000
27.18000 54.000
27.20000 64.000
27.22000 57.000
27.24000 61.000
27.26000 59.000
27.28000 63.000
27.30000 71.000
27.32000 67.000
27.34000 73.000
27.36000 76.000
27.38000 88.000
27.40000 71.000
27.42000 78.000
27.44000 60.000
27.46000 64.000
27.48000 94.000
27.50000 104.000
27.52000 100.000
27.54000 80.000
27.56000 99.000
27.58000 93.000
27.60000 104.000
27.62000 104.000
27.64000 104.000
27.66000 110.000
27.68000 121.000
27.70000 92.000
27.72000 147.000
27.74000 126.000
27.76000 134.000
27.78000 174.000
27.80000 155.000
27.82000 151.000
27.84000 165.000
27.86000 187.000
27.88000 192.000
27.90000 181.000
27.92000 198.000
27.94000 219.000
27.96000 251.000
27.98000 237.000
28.00000 261.000
28.02000 319.000
28.04000 317.000
28.06000 380.000
28.08000 401.000
28.10000 463.000
28.12000 526.000
28.14000 637.000
28.16000 793.000
28.18000 963.000
28.20000 1246.000
28.22000 1737.000
28.24000 2328.000
28.26000 3390.000
28.28000 4914.000
28.30000 7000.000
28.32000 9669.000
28.34000 12189.000
28.36000 13913.000
28.38000 14868.000
28.40000 14163.000
28.42000 12822.000
28.44000 11258.000
28.46000 9234.000
28.48000 7390.000
28.50000 5816.000
28.52000 4395.000
28.54000 3491.000
28.56000 2881.000
28.58000 2480.000
28.60000 2043.000
28.62000 1712.000
28.64000 1513.000
28.66000 1246.000
28.68000 1101.000
28.70000 931.000
28.72000 806.000
28.74000 743.000
28.76000 629.000
28.78000 547.000
28.80000 507.000
28.82000 453.000
28.84000 399.000
28.86000 389.000
28.88000 350.000
28.90000 327.000
28.92000 298.000
28.94000 270.000
28.96000 274.000
28.98000 206.000
29.00000 221.000
29.02000 226.000
29.04000 203.000
29.06000 186.000
29.08000 152.000
29.10000 174.000
29.12000 135.000
29.14000 144.000
29.16000 120.000
29.18000 134.000
29.20000 120.000
29.22000 131.000
29.24000 135.000
29.26000 96.000
29.28000 99.000
29.30000 106.000
29.32000 104.000
29.34000 101.000
29.36000 64.000
29.38000 79.000
29.40000 87.000
29.42000 98.000
29.44000 71.000
29.46000 73.000
29.48000 68.000
29.50000 79.000
29.52000 75.000
29.54000 54.000
29.56000 64.000
29.58000 67.000
29.60000 62.000
29.62000 68.000
29.64000 62.000
29.66000 57.000
29.68000 60.000
29.70000 60.000
29.72000 57.000
29.74000 56.000
29.76000 42.000
29.78000 68.000
29.80000 61.000
29.82000 51.000
29.84000 43.000
29.86000 46.000
29.88000 44.000
29.90000 56.000
29.92000 47.000
29.94000 57.000
29.96000 56.000
29.98000 61.000
30.00000 48.000
30.02000 50.000
30.04000 47.000
30.06000 47.000
30.08000 31.000
30.10000 52.000
30.12000 49.000
30.14000 34.000
30.16000 39.000
30.18000 53.000
30.20000 45.000
30.22000 35.000
30.24000 40.000
30.26000 32.000
30.28000 37.000
30.30000 46.000
30.32000 40.000
30.34000 45.000
30.36000 55.000
30.38000 39.000
30.40000 44.000
30.42000 38.000
30.44000 44.000
30.46000 45.000
30.48000 34.000
30.50000 26.000
30.52000 44.000
30.54000 40.000
30.56000 39.000
30.58000 38.000
30.60000 29.000
30.62000 41.000
30.64000 42.000
30.66000 35.000
30.68000 28.000
30.70000 35.000
30.72000 31.000
30.74000 38.000
30.76000 35.000
30.78000 47.000
30.80000 53.000
30.82000 24.000
30.84000 40.000
30.86000 38.000
30.88000 39.000
30.90000 34.000
30.92000 36.000
30.94000 33.000
30.96000 47.000
30.98000 40.000
31.00000 39.000
31.02000 35.000
31.04000 36.000
31.06000 41.000
31.08000 39.000
31.10000 39.000
31.12000 47.000
31.14000 28.000
31.16000 43.000
31.18000 45.000
31.20000 28.000
31.22000 25.000
31.24000 38.000
31.26000 29.000
31.28000 37.000
31.30000 41.000
31.32000 34.000
31.34000 46.000
31.36000 44.000
31.38000 47.000
31.40000 40.000
31.42000 41.000
31.44000 50.000
31.46000 41.000
31.48000 37.000
31.50000 49.000
31.52000 32.000
31.54000 44.000
31.56000 31.000
31.58000 50.000
31.60000 42.000
31.62000 48.000
31.64000 36.000
31.66000 36.000
31.68000 40.000
31.70000 41.000
31.72000 36.000
31.74000 52.000
31.76000 54.000
31.78000 47.000
31.80000 42.000
31.82000 44.000
31.84000 50.000
31.86000 41.000
31.88000 40.000
31.90000 55.000
31.92000 52.000
31.94000 56.000
31.96000 56.000
31.98000 73.000
32.00000 44.000
32.02000 49.000
32.04000 58.000
32.06000 53.000
32.08000 59.000
32.10000 64.000
32.12000 62.000
32.14000 66.000
32.16000 76.000
32.18000 90.000
32.20000 75.000
32.22000 80.000
32.24000 85.000
32.26000 96.000
32.28000 89.000
32.30000 88.000
32.32000 101.000
32.34000 83.000
32.36000 115.000
32.38000 114.000
32.40000 106.000
32.42000 120.000
32.44000 127.000
32.46000 120.000
32.48000 128.000
32.50000 161.000
32.52000 200.000
32.54000 185.000
32.56000 204.000
32.58000 227.000
32.60000 256.000
32.62000 284.000
32.64000 354.000
32.66000 430.000
32.68000 490.000
32.70000 688.000
32.72000 875.000
32.74000 1229.000
32.76000 1797.000
32.78000 2477.000
32.80000 3256.000
32.82000 4338.000
32.84000 4813.000
32.86000 4988.000
32.88000 4765.000
32.90000 4393.000
32.92000 3894.000
32.94000 3288.000
32.96000 2799.000
32.98000 2124.000
33.00000 1595.000
33.02000 1274.000
33.04000 1105.000
33.06000 911.000
33.08000 740.000
33.10000 680.000
33.12000 611.000
33.14000 533.000
33.16000 483.000
33.18000 455.000
33.20000 362.000
33.22000 359.000
33.24000 332.000
33.26000 322.000
33.28000 283.000
33.30000 287.000
33.32000 304.000
33.34000 246.000
33.36000 211.000
33.38000 227.000
33.40000 193.000
33.42000 178.000
33.44000 180.000
33.46000 195.000
33.48000 154.000
33.50000 159.000
33.52000 134.000
33.54000 128.000
33.56000 125.000
33.58000 113.000
33.60000 119.000
33.62000 115.000
33.64000 89.000
33.66000 96.000
33.68000 83.000
33.70000 77.000
33.72000 105.000
33.74000 77.000
33.76000 76.000
33.78000 80.000
33.80000 73.000
33.82000 76.000
33.84000 65.000
33.86000 58.000
33.88000 67.000
33.90000 77.000
33.92000 68.000
33.94000 85.000
33.96000 45.000
33.98000 78.000
34.00000 68.000
34.02000 75.000
34.04000 68.000
34.06000 98.000
34.08000 69.000
34.10000 74.000
34.12000 71.000
34.14000 70.000
34.16000 78.000
34.18000 84.000
34.20000 60.000
34.22000 70.000
34.24000 69.000
34.26000 61.000
34.28000 49.000
34.30000 57.000
34.32000 48.000
34.34000 68.000
34.36000 60.000
34.38000 42.000
34.40000 48.000
34.42000 51.000
34.44000 40.000
34.46000 44.000
34.48000 43.000
34.50000 53.000
34.52000 40.000
34.54000 41.000
34.56000 34.000
34.58000 31.000
34.60000 34.000
34.62000 30.000
34.64000 34.000
34.66000 45.000
34.68000 26.000
34.70000 36.000
34.72000 32.000
34.74000 35.000
34.76000 29.000
34.78000 21.000
34.80000 33.000
34.82000 24.000
34.84000 26.000
34.86000 31.000
34.88000 23.000
34.90000 27.000
34.92000 31.000
34.94000 27.000
34.96000 25.000
34.98000 37.000
35.00000 32.000
35.02000 32.000
35.04000 28.000
35.06000 29.000
35.08000 29.000
35.10000 31.000
35.12000 35.000
35.14000 43.000
35.16000 27.000
35.18000 20.000
35.20000 20.000
35.22000 31.000
35.24000 27.000
35.26000 30.000
35.28000 36.000
35.30000 30.000
35.32000 37.000
35.34000 22.000
35.36000 32.000
35.38000 27.000
35.40000 22.000
35.42000 23.000
35.44000 18.000
35.46000 25.000
35.48000 28.000
35.50000 27.000
35.52000 34.000
35.54000 26.000
35.56000 9.000
35.58000 22.000
35.60000 24.000
35.62000 20.000
35.64000 16.000
35.66000 22.000
35.68000 19.000
35.70000 28.000
35.72000 25.000
35.74000 13.000
35.76000 25.000
35.78000 24.000
35.80000 23.000
35.82000 24.000
35.84000 24.000
35.86000 21.000
35.88000 18.000
35.90000 19.000
35.92000 34.000
35.94000 31.000
35.96000 25.000
35.98000 29.000
36.00000 17.000
36.02000 22.000
36.04000 21.000
36.06000 23.000
36.08000 28.000
36.10000 22.000
36.12000 29.000
36.14000 21.000
36.16000 25.000
36.18000 27.000
36.20000 25.000
36.22000 25.000
36.24000 14.000
36.26000 21.000
36.28000 26.000
36.30000 31.000
36.32000 20.000
36.34000 24.000
36.36000 29.000
36.38000 21.000
36.40000 33.000
36.42000 25.000
36.44000 26.000
36.46000 17.000
36.48000 23.000
36.50000 23.000
36.52000 32.000
36.54000 25.000
36.56000 20.000
36.58000 21.000
36.60000 26.000
36.62000 22.000
36.64000 26.000
36.66000 28.000
36.68000 29.000
36.70000 23.000
36.72000 29.000
36.74000 32.000
36.76000 17.000
36.78000 21.000
36.80000 22.000
36.82000 22.000
36.84000 21.000
36.86000 18.000
36.88000 18.000
36.90000 30.000
36.92000 26.000
36.94000 26.000
36.96000 17.000
36.98000 19.000
37.00000 33.000
37.02000 20.000
37.04000 24.000
37.06000 24.000
37.08000 29.000
37.10000 17.000
37.12000 20.000
37.14000 29.000
37.16000 25.000
37.18000 18.000
37.20000 28.000
37.22000 21.000
37.24000 26.000
37.26000 34.000
37.28000 26.000
37.30000 19.000
37.32000 22.000
37.34000 32.000
37.36000 20.000
37.38000 27.000
37.40000 24.000
37.42000 21.000
37.44000 21.000
37.46000 23.000
37.48000 30.000
37.50000 26.000
37.52000 15.000
37.54000 16.000
37.56000 18.000
37.58000 23.000
37.60000 27.000
37.62000 25.000
37.64000 23.000
37.66000 19.000
37.68000 20.000
37.70000 22.000
37.72000 19.000
37.74000 26.000
37.76000 23.000
37.78000 25.000
37.80000 22.000
37.82000 21.000
37.84000 20.000
37.86000 25.000
37.88000 23.000
37.90000 27.000
37.92000 19.000
37.94000 23.000
37.96000 18.000
37.98000 19.000
38.00000 22.000
38.02000 15.000
38.04000 18.000
38.06000 20.000
38.08000 22.000
38.10000 22.000
38.12000 20.000
38.14000 23.000
38.16000 22.000
38.18000 31.000
38.20000 22.000
38.22000 28.000
38.24000 20.000
38.26000 17.000
38.28000 22.000
38.30000 15.000
38.32000 31.000
38.34000 24.000
38.36000 18.000
38.38000 22.000
38.40000 22.000
38.42000 15.000
38.44000 27.000
38.46000 28.000
38.48000 27.000
38.50000 23.000
38.52000 27.000
38.54000 11.000
38.56000 19.000
38.58000 23.000
38.60000 19.000
38.62000 25.000
38.64000 23.000
38.66000 21.000
38.68000 23.000
38.70000 21.000
38.72000 23.000
38.74000 29.000
38.76000 22.000
38.78000 25.000
38.80000 21.000
38.82000 18.000
38.84000 16.000
38.86000 31.000
38.88000 25.000
38.90000 21.000
38.92000 17.000
38.94000 25.000
38.96000 20.000
38.98000 27.000
39.00000 24.000
39.02000 28.000
39.04000 24.000
39.06000 23.000
39.08000 18.000
39.10000 22.000
39.12000 22.000
39.14000 17.000
39.16000 24.000
39.18000 22.000
39.20000 27.000
39.22000 25.000
39.24000 24.000
39.26000 22.000
39.28000 26.000
39.30000 24.000
39.32000 16.000
39.34000 22.000
39.36000 31.000
39.38000 17.000
39.40000 34.000
39.42000 20.000
39.44000 20.000
39.46000 27.000
39.48000 26.000
39.50000 18.000
39.52000 20.000
39.54000 22.000
39.56000 25.000
39.58000 25.000
39.60000 27.000
39.62000 33.000
39.64000 23.000
39.66000 18.000
39.68000 23.000
39.70000 32.000
39.72000 23.000
39.74000 22.000
39.76000 19.000
39.78000 23.000
39.80000 23.000
39.82000 13.000
39.84000 18.000
39.86000 29.000
39.88000 20.000
39.90000 23.000
39.92000 24.000
39.94000 32.000
39.96000 25.000
39.98000 23.000
40.00000 32.000
40.02000 21.000
40.04000 20.000
40.06000 20.000
40.08000 24.000
40.10000 15.000
40.12000 11.000
40.14000 17.000
40.16000 34.000
40.18000 18.000
40.20000 26.000
40.22000 21.000
40.24000 19.000
40.26000 24.000
40.28000 27.000
40.30000 29.000
40.32000 23.000
40.34000 28.000
40.36000 12.000
40.38000 24.000
40.40000 25.000
40.42000 23.000
40.44000 28.000
40.46000 29.000
40.48000 22.000
40.50000 15.000
40.52000 18.000
40.54000 22.000
40.56000 23.000
40.58000 15.000
40.60000 33.000
40.62000 25.000
40.64000 31.000
40.66000 28.000
40.68000 19.000
40.70000 21.000
40.72000 20.000
40.74000 19.000
40.76000 31.000
40.78000 24.000
40.80000 32.000
40.82000 23.000
40.84000 24.000
40.86000 25.000
40.88000 35.000
40.90000 20.000
40.92000 22.000
40.94000 35.000
40.96000 20.000
40.98000 31.000
41.00000 24.000
41.02000 30.000
41.04000 22.000
41.06000 39.000
41.08000 21.000
41.10000 23.000
41.12000 31.000
41.14000 26.000
41.16000 27.000
41.18000 22.000
41.20000 23.000
41.22000 22.000
41.24000 28.000
41.26000 29.000
41.28000 29.000
41.30000 25.000
41.32000 31.000
41.34000 23.000
41.36000 17.000
41.38000 25.000
41.40000 31.000
41.42000 25.000
41.44000 23.000
41.46000 22.000
41.48000 20.000
41.50000 24.000
41.52000 31.000
41.54000 20.000
41.56000 21.000
41.58000 24.000
41.60000 17.000
41.62000 29.000
41.64000 33.000
41.66000 27.000
41.68000 28.000
41.70000 18.000
41.72000 19.000
41.74000 24.000
41.76000 30.000
41.78000 32.000
41.80000 32.000
41.82000 22.000
41.84000 15.000
41.86000 21.000
41.88000 33.000
41.90000 29.000
41.92000 27.000
41.94000 32.000
41.96000 28.000
41.98000 33.000
42.00000 26.000
42.02000 19.000
42.04000 24.000
42.06000 21.000
42.08000 30.000
42.10000 18.000
42.12000 25.000
42.14000 26.000
42.16000 25.000
42.18000 24.000
42.20000 20.000
42.22000 22.000
42.24000 24.000
42.26000 26.000
42.28000 31.000
42.30000 25.000
42.32000 27.000
42.34000 23.000
42.36000 21.000
42.38000 35.000
42.40000 29.000
42.42000 25.000
42.44000 24.000
42.46000 24.000
42.48000 23.000
42.50000 30.000
42.52000 30.000
42.54000 27.000
42.56000 26.000
42.58000 23.000
42.60000 20.000
42.62000 22.000
42.64000 26.000
42.66000 22.000
42.68000 28.000
42.70000 27.000
42.72000 30.000
42.74000 29.000
42.76000 20.000
42.78000 26.000
42.80000 26.000
42.82000 34.000
42.84000 33.000
42.86000 19.000
42.88000 29.000
42.90000 25.000
42.92000 33.000
42.94000 21.000
42.96000 24.000
42.98000 32.000
43.00000 24.000
43.02000 26.000
43.04000 26.000
43.06000 17.000
43.08000 13.000
43.10000 30.000
43.12000 32.000
43.14000 33.000
43.16000 33.000
43.18000 26.000
43.20000 22.000
43.22000 25.000
43.24000 30.000
43.26000 24.000
43.28000 24.000
43.30000 25.000
43.32000 28.000
43.34000 33.000
43.36000 20.000
43.38000 27.000
43.40000 23.000
43.42000 34.000
43.44000 36.000
43.46000 19.000
43.48000 34.000
43.50000 35.000
43.52000 17.000
43.54000 32.000
43.56000 27.000
43.58000 38.000
43.60000 36.000
43.62000 38.000
43.64000 36.000
43.66000 28.000
43.68000 37.000
43.70000 32.000
43.72000 35.000
43.74000 37.000
43.76000 47.000
43.78000 38.000
43.80000 25.000
43.82000 31.000
43.84000 31.000
43.86000 33.000
43.88000 31.000
43.90000 50.000
43.92000 33.000
43.94000 38.000
43.96000 35.000
43.98000 20.000
44.00000 24.000
44.02000 20.000
44.04000 24.000
44.06000 30.000
44.08000 31.000
44.10000 20.000
44.12000 25.000
44.14000 32.000
44.16000 15.000
44.18000 22.000
44.20000 30.000
44.22000 31.000
44.24000 28.000
44.26000 23.000
44.28000 31.000
44.30000 34.000
44.32000 28.000
44.34000 31.000
44.36000 29.000
44.38000 37.000
44.40000 29.000
44.42000 31.000
44.44000 23.000
44.46000 26.000
44.48000 32.000
44.50000 36.000
44.52000 30.000
44.54000 17.000
44.56000 29.000
44.58000 47.000
44.60000 30.000
44.62000 30.000
44.64000 28.000
44.66000 35.000
44.68000 34.000
44.70000 26.000
44.72000 31.000
44.74000 40.000
44.76000 32.000
44.78000 24.000
44.80000 26.000
44.82000 24.000
44.84000 29.000
44.86000 41.000
44.88000 33.000
44.90000 32.000
44.92000 41.000
44.94000 34.000
44.96000 35.000
44.98000 27.000
45.00000 36.000
45.02000 36.000
45.04000 30.000
45.06000 32.000
45.08000 41.000
45.10000 26.000
45.12000 39.000
45.14000 29.000
45.16000 29.000
45.18000 35.000
45.20000 44.000
45.22000 38.000
45.24000 39.000
45.26000 38.000
45.28000 31.000
45.30000 35.000
45.32000 33.000
45.34000 38.000
45.36000 38.000
45.38000 39.000
45.40000 48.000
45.42000 49.000
45.44000 34.000
45.46000 38.000
45.48000 36.000
45.50000 32.000
45.52000 39.000
45.54000 40.000
45.56000 40.000
45.58000 31.000
45.60000 47.000
45.62000 45.000
45.64000 47.000
45.66000 36.000
45.68000 46.000
45.70000 56.000
45.72000 58.000
45.74000 50.000
45.76000 66.000
45.78000 47.000
45.80000 60.000
45.82000 48.000
45.84000 49.000
45.86000 65.000
45.88000 63.000
45.90000 57.000
45.92000 71.000
45.94000 58.000
45.96000 60.000
45.98000 51.000
46.00000 67.000
46.02000 63.000
46.04000 54.000
46.06000 58.000
46.08000 67.000
46.10000 62.000
46.12000 74.000
46.14000 62.000
46.16000 62.000
46.18000 71.000
46.20000 68.000
46.22000 82.000
46.24000 63.000
46.26000 75.000
46.28000 85.000
46.30000 76.000
46.32000 79.000
46.34000 85.000
46.36000 70.000
46.38000 77.000
46.40000 79.000
46.42000 84.000
46.44000 97.000
46.46000 109.000
46.48000 100.000
46.50000 95.000
46.52000 127.000
46.54000 117.000
46.56000 109.000
46.58000 132.000
46.60000 147.000
46.62000 141.000
46.64000 133.000
46.66000 149.000
46.68000 163.000
46.70000 176.000
46.72000 186.000
46.74000 222.000
46.76000 235.000
46.78000 284.000
46.80000 291.000
46.82000 337.000
46.84000 392.000
46.86000 459.000
46.88000 568.000
46.90000 650.000
46.92000 829.000
46.94000 1048.000
46.96000 1422.000
46.98000 1861.000
47.00000 2524.000
47.02000 3281.000
47.04000 4338.000
47.06000 4965.000
47.08000 5383.000
47.10000 5341.000
47.12000 5110.000
47.14000 4808.000
47.16000 4623.000
47.18000 4317.000
47.20000 4070.000
47.22000 3739.000
47.24000 3094.000
47.26000 2741.000
47.28000 2243.000
47.30000 1852.000
47.32000 1682.000
47.34000 1344.000
47.36000 1203.000
47.38000 1033.000
47.40000 890.000
47.42000 796.000
47.44000 758.000
47.46000 680.000
47.48000 615.000
47.50000 530.000
47.52000 509.000
47.54000 486.000
47.56000 407.000
47.58000 390.000
47.60000 392.000
47.62000 320.000
47.64000 332.000
47.66000 276.000
47.68000 275.000
47.70000 286.000
47.72000 238.000
47.74000 219.000
47.76000 224.000
47.78000 204.000
47.80000 205.000
47.82000 203.000
47.84000 187.000
47.86000 154.000
47.88000 153.000
47.90000 156.000
47.92000 136.000
47.94000 158.000
47.96000 114.000
47.98000 126.000
48.00000 115.000
48.02000 129.000
48.04000 101.000
48.06000 95.000
48.08000 116.000
48.10000 85.000
48.12000 88.000
48.14000 94.000
48.16000 91.000
48.18000 76.000
48.20000 87.000
48.22000 83.000
48.24000 72.000
48.26000 73.000
48.28000 81.000
48.30000 61.000
48.32000 66.000
48.34000 67.000
48.36000 54.000
48.38000 59.000
48.40000 61.000
48.42000 53.000
48.44000 52.000
48.46000 43.000
48.48000 49.000
48.50000 58.000
48.52000 60.000
48.54000 48.000
48.56000 58.000
48.58000 53.000
48.60000 51.000
48.62000 45.000
48.64000 43.000
48.66000 43.000
48.68000 56.000
48.70000 46.000
48.72000 49.000
48.74000 39.000
48.76000 40.000
48.78000 51.000
48.80000 55.000
48.82000 30.000
48.84000 44.000
48.86000 47.000
48.88000 41.000
48.90000 42.000
48.92000 39.000
48.94000 40.000
48.96000 32.000
48.98000 43.000
49.00000 29.000
49.02000 42.000
49.04000 41.000
49.06000 26.000
49.08000 33.000
49.10000 41.000
49.12000 44.000
49.14000 42.000
49.16000 50.000
49.18000 37.000
49.20000 24.000
49.22000 32.000
49.24000 28.000
49.26000 32.000
49.28000 22.000
49.30000 37.000
49.32000 44.000
49.34000 26.000
49.36000 43.000
49.38000 44.000
49.40000 37.000
49.42000 39.000
49.44000 38.000
49.46000 30.000
49.48000 34.000
49.50000 40.000
49.52000 27.000
49.54000 36.000
49.56000 30.000
49.58000 27.000
49.60000 27.000
49.62000 30.000
49.64000 42.000
49.66000 38.000
49.68000 29.000
49.70000 34.000
49.72000 27.000
49.74000 28.000
49.76000 32.000
49.78000 28.000
49.80000 34.000
49.82000 29.000
49.84000 23.000
49.86000 30.000
49.88000 35.000
49.90000 30.000
49.92000 26.000
49.94000 35.000
49.96000 23.000
49.98000 24.000
50.00000 31.000
50.02000 26.000
50.04000 27.000
50.06000 29.000
50.08000 28.000
50.10000 37.000
50.12000 41.000
50.14000 45.000
50.16000 33.000
50.18000 28.000
50.20000 33.000
50.22000 27.000
50.24000 38.000
50.26000 37.000
50.28000 31.000
50.30000 25.000
50.32000 36.000
50.34000 44.000
50.36000 36.000
50.38000 26.000
50.40000 19.000
50.42000 29.000
50.44000 30.000
50.46000 37.000
50.48000 35.000
50.50000 34.000
50.52000 37.000
50.54000 33.000
50.56000 29.000
50.58000 31.000
50.60000 25.000
50.62000 30.000
50.64000 36.000
50.66000 29.000
50.68000 32.000
50.70000 29.000
50.72000 35.000
50.74000 24.000
50.76000 26.000
50.78000 21.000
50.80000 40.000
50.82000 34.000
50.84000 35.000
50.86000 38.000
50.88000 24.000
50.90000 32.000
50.92000 27.000
50.94000 34.000
50.96000 29.000
50.98000 42.000
51.00000 30.000
51.02000 34.000
51.04000 36.000
51.06000 35.000
51.08000 52.000
51.10000 39.000
51.12000 39.000
51.14000 35.000
51.16000 44.000
51.18000 39.000
51.20000 37.000
51.22000 33.000
51.24000 38.000
51.26000 31.000
51.28000 40.000
51.30000 44.000
51.32000 39.000
51.34000 39.000
51.36000 36.000
51.38000 42.000
51.40000 29.000
51.42000 32.000
51.44000 42.000
51.46000 32.000
51.48000 35.000
51.50000 54.000
51.52000 39.000
51.54000 42.000
51.56000 48.000
51.58000 49.000
51.60000 49.000
51.62000 47.000
51.64000 52.000
51.66000 50.000
51.68000 54.000
51.70000 54.000
51.72000 34.000
51.74000 53.000
51.76000 56.000
51.78000 55.000
51.80000 54.000
51.82000 46.000
51.84000 53.000
51.86000 34.000
51.88000 58.000
51.90000 56.000
51.92000 37.000
51.94000 38.000
51.96000 39.000
51.98000 34.000
52.00000 32.000
52.02000 43.000
52.04000 33.000
52.06000 35.000
52.08000 36.000
52.10000 36.000
52.12000 32.000
52.14000 25.000
52.16000 38.000
52.18000 34.000
52.20000 40.000
52.22000 25.000
52.24000 29.000
52.26000 36.000
52.28000 27.000
52.30000 31.000
52.32000 28.000
52.34000 33.000
52.36000 37.000
52.38000 33.000
52.40000 35.000
52.42000 29.000
52.44000 33.000
52.46000 25.000
52.48000 42.000
52.50000 27.000
52.52000 30.000
52.54000 34.000
52.56000 28.000
52.58000 32.000
52.60000 29.000
52.62000 39.000
52.64000 35.000
52.66000 29.000
52.68000 31.000
52.70000 29.000
52.72000 26.000
52.74000 30.000
52.76000 31.000
52.78000 35.000
52.80000 43.000
52.82000 29.000
52.84000 33.000
52.86000 30.000
52.88000 26.000
52.90000 25.000
52.92000 30.000
52.94000 25.000
52.96000 31.000
52.98000 30.000
53.00000 28.000
53.02000 32.000
53.04000 31.000
53.06000 23.000
53.08000 36.000
53.10000 36.000
53.12000 30.000
53.14000 39.000
53.16000 35.000
53.18000 37.000
53.20000 32.000
53.22000 30.000
53.24000 37.000
53.26000 34.000
53.28000 33.000
53.30000 38.000
53.32000 33.000
53.34000 32.000
53.36000 39.000
53.38000 27.000
53.40000 35.000
53.42000 34.000
53.44000 42.000
53.46000 30.000
53.48000 35.000
53.50000 30.000
53.52000 38.000
53.54000 34.000
53.56000 33.000
53.58000 40.000
53.60000 38.000
53.62000 32.000
53.64000 41.000
53.66000 50.000
53.68000 37.000
53.70000 31.000
53.72000 42.000
53.74000 46.000
53.76000 40.000
53.78000 55.000
53.80000 41.000
53.82000 38.000
53.84000 35.000
53.86000 45.000
53.88000 42.000
53.90000 48.000
53.92000 39.000
53.94000 34.000
53.96000 41.000
53.98000 38.000
54.00000 35.000
54.02000 36.000
54.04000 50.000
54.06000 41.000
54.08000 43.000
54.10000 40.000
54.12000 37.000
54.14000 49.000
54.16000 38.000
54.18000 41.000
54.20000 41.000
54.22000 37.000
54.24000 54.000
54.26000 31.000
54.28000 52.000
54.30000 43.000
54.32000 41.000
54.34000 41.000
54.36000 42.000
54.38000 44.000
54.40000 40.000
54.42000 34.000
54.44000 55.000
54.46000 44.000
54.48000 50.000
54.50000 41.000
54.52000 55.000
54.54000 53.000
54.56000 51.000
54.58000 68.000
54.60000 58.000
54.62000 50.000
54.64000 50.000
54.66000 60.000
54.68000 56.000
54.70000 62.000
54.72000 52.000
54.74000 60.000
54.76000 63.000
54.78000 46.000
54.80000 70.000
54.82000 46.000
54.84000 74.000
54.86000 59.000
54.88000 72.000
54.90000 69.000
54.92000 73.000
54.94000 78.000
54.96000 73.000
54.98000 65.000
55.00000 77.000
55.02000 61.000
55.04000 71.000
55.06000 107.000
55.08000 80.000
55.10000 90.000
55.12000 96.000
55.14000 91.000
55.16000 93.000
55.18000 99.000
55.20000 105.000
55.22000 102.000
55.24000 116.000
55.26000 113.000
55.28000 121.000
55.30000 132.000
55.32000 138.000
55.34000 143.000
55.36000 142.000
55.38000 151.000
55.40000 165.000
55.42000 205.000
55.44000 223.000
55.46000 218.000
55.48000 226.000
55.50000 275.000
55.52000 293.000
55.54000 313.000
55.56000 357.000
55.58000 434.000
55.60000 488.000
55.62000 576.000
55.64000 724.000
55.66000 814.000
55.68000 1010.000
55.70000 1365.000
55.72000 1790.000
55.74000 2359.000
55.76000 2926.000
55.78000 3608.000
55.80000 4144.000
55.82000 4454.000
55.84000 4516.000
55.86000 4436.000
55.88000 4069.000
55.90000 3687.000
55.92000 3571.000
55.94000 3472.000
55.96000 3451.000
55.98000 3121.000
56.00000 2948.000
56.02000 2488.000
56.04000 2063.000
56.06000 1829.000
56.08000 1491.000
56.10000 1246.000
56.12000 1097.000
56.14000 1024.000
56.16000 891.000
56.18000 830.000
56.20000 698.000
56.22000 687.000
56.24000 646.000
56.26000 571.000
56.28000 559.000
56.30000 483.000
56.32000 442.000
56.34000 429.000
56.36000 412.000
56.38000 409.000
56.40000 348.000
56.42000 343.000
56.44000 347.000
56.46000 326.000
56.48000 315.000
56.50000 318.000
56.52000 291.000
56.54000 313.000
56.56000 272.000
56.58000 235.000
56.60000 217.000
56.62000 197.000
56.64000 231.000
56.66000 195.000
56.68000 195.000
56.70000 199.000
56.72000 201.000
56.74000 187.000
56.76000 166.000
56.78000 132.000
56.80000 133.000
56.82000 138.000
56.84000 142.000
56.86000 131.000
56.88000 124.000
56.90000 129.000
56.92000 112.000
56.94000 96.000
56.96000 115.000
56.98000 98.000
57.00000 98.000
57.02000 103.000
57.04000 82.000
57.06000 75.000
57.08000 98.000
57.10000 84.000
57.12000 83.000
57.14000 88.000
57.16000 77.000
57.18000 80.000
57.20000 64.000
57.22000 79.000
57.24000 74.000
57.26000 71.000
57.28000 77.000
57.30000 64.000
57.32000 79.000
57.34000 60.000
57.36000 62.000
57.38000 70.000
57.40000 60.000
57.42000 65.000
57.44000 55.000
57.46000 56.000
57.48000 56.000
57.50000 64.000
57.52000 52.000
57.54000 47.000
57.56000 57.000
57.58000 43.000
57.60000 45.000
57.62000 48.000
57.64000 44.000
57.66000 56.000
57.68000 55.000
57.70000 44.000
57.72000 43.000
57.74000 46.000
57.76000 63.000
57.78000 50.000
57.80000 57.000
57.82000 48.000
57.84000 45.000
57.86000 52.000
57.88000 60.000
57.90000 55.000
57.92000 63.000
57.94000 65.000
57.96000 56.000
57.98000 65.000
58.00000 49.000
58.02000 45.000
58.04000 67.000
58.06000 68.000
58.08000 58.000
58.10000 74.000
58.12000 70.000
58.14000 73.000
58.16000 77.000
58.18000 71.000
58.20000 88.000
58.22000 105.000
58.24000 104.000
58.26000 105.000
58.28000 108.000
58.30000 121.000
58.32000 135.000
58.34000 161.000
58.36000 200.000
58.38000 248.000
58.40000 275.000
58.42000 340.000
58.44000 459.000
58.46000 558.000
58.48000 747.000
58.50000 802.000
58.52000 999.000
58.54000 1056.000
58.56000 1039.000
58.58000 946.000
58.60000 930.000
58.62000 888.000
58.64000 882.000
58.66000 857.000
58.68000 829.000
58.70000 811.000
58.72000 768.000
58.74000 656.000
58.76000 581.000
58.78000 506.000
58.80000 475.000
58.82000 394.000
58.84000 330.000
58.86000 342.000
58.88000 285.000
58.90000 262.000
58.92000 230.000
58.94000 224.000
58.96000 235.000
58.98000 193.000
59.00000 180.000
59.02000 163.000
59.04000 160.000
59.06000 134.000
59.08000 140.000
59.10000 126.000
59.12000 108.000
59.14000 116.000
59.16000 94.000
59.18000 88.000
59.20000 87.000
59.22000 100.000
59.24000 86.000
59.26000 81.000
59.28000 85.000
59.30000 80.000
59.32000 86.000
59.34000 66.000
59.36000 59.000
59.38000 62.000
59.40000 60.000
59.42000 58.000
59.44000 66.000
59.46000 65.000
59.48000 46.000
59.50000 55.000
59.52000 44.000
59.54000 51.000
59.56000 31.000
59.58000 49.000
59.60000 42.000
59.62000 40.000
59.64000 45.000
59.66000 33.000
59.68000 38.000
59.70000 39.000
59.72000 21.000
59.74000 32.000
59.76000 45.000
59.78000 37.000
59.80000 41.000
59.82000 34.000
59.84000 28.000
59.86000 36.000
59.88000 27.000
59.90000 30.000
59.92000 32.000
59.94000 21.000
59.96000 35.000
59.98000 41.000
60.00000 33.000
60.02000 26.000
60.04000 28.000
60.06000 41.000
60.08000 31.000
60.10000 36.000
60.12000 31.000
60.14000 29.000
60.16000 28.000
60.18000 26.000
60.20000 34.000
60.22000 34.000
60.24000 30.000
60.26000 31.000
60.28000 29.000
60.30000 36.000
60.32000 31.000
60.34000 34.000
60.36000 27.000
60.38000 30.000
60.40000 23.000
60.42000 23.000
60.44000 25.000
60.46000 37.000
60.48000 34.000
60.50000 27.000
60.52000 28.000
60.54000 29.000
60.56000 24.000
60.58000 27.000
60.60000 20.000
60.62000 30.000
60.64000 25.000
60.66000 29.000
60.68000 23.000
60.70000 21.000
60.72000 34.000
60.74000 36.000
60.76000 36.000
60.78000 22.000
60.80000 27.000
60.82000 20.000
60.84000 26.000
60.86000 22.000
60.88000 20.000
60.90000 26.000
60.92000 27.000
60.94000 27.000
60.96000 31.000
60.98000 26.000
61.00000 30.000
61.02000 22.000
61.04000 28.000
61.06000 37.000
61.08000 30.000
61.10000 29.000
61.12000 26.000
61.14000 33.000
61.16000 20.000
61.18000 29.000
61.20000 29.000
61.22000 36.000
61.24000 22.000
61.26000 20.000
61.28000 29.000
61.30000 22.000
61.32000 16.000
61.34000 27.000
61.36000 35.000
61.38000 24.000
61.40000 24.000
61.42000 23.000
61.44000 27.000
61.46000 20.000
61.48000 34.000
61.50000 20.000
61.52000 25.000
61.54000 22.000
61.56000 32.000
61.58000 29.000
61.60000 26.000
61.62000 21.000
61.64000 20.000
61.66000 21.000
61.68000 25.000
61.70000 29.000
61.72000 20.000
61.74000 28.000
61.76000 31.000
61.78000 24.000
61.80000 21.000
61.82000 33.000
61.84000 27.000
61.86000 28.000
61.88000 32.000
61.90000 24.000
61.92000 25.000
61.94000 24.000
61.96000 22.000
61.98000 24.000
62.00000 26.000
62.02000 20.000
62.04000 29.000
62.06000 20.000
62.08000 23.000
62.10000 35.000
62.12000 26.000
62.14000 28.000
62.16000 20.000
62.18000 26.000
62.20000 31.000
62.22000 14.000
62.24000 25.000
62.26000 32.000
62.28000 30.000
62.30000 27.000
62.32000 21.000
62.34000 27.000
62.36000 23.000
62.38000 25.000
62.40000 27.000
62.42000 27.000
62.44000 33.000
62.46000 22.000
62.48000 19.000
62.50000 24.000
62.52000 28.000
62.54000 24.000
62.56000 33.000
62.58000 26.000
62.60000 19.000
62.62000 21.000
62.64000 20.000
62.66000 22.000
62.68000 23.000
62.70000 23.000
62.72000 31.000
62.74000 23.000
62.76000 21.000
62.78000 25.000
62.80000 22.000
62.82000 27.000
62.84000 35.000
62.86000 18.000
62.88000 23.000
62.90000 14.000
62.92000 21.000
62.94000 17.000
62.96000 23.000
62.98000 20.000
63.00000 21.000
63.02000 21.000
63.04000 24.000
63.06000 21.000
63.08000 20.000
63.10000 22.000
63.12000 23.000
63.14000 27.000
63.16000 33.000
63.18000 14.000
63.20000 24.000
63.22000 29.000
63.24000 19.000
63.26000 22.000
63.28000 24.000
63.30000 25.000
63.32000 22.000
63.34000 24.000
63.36000 20.000
63.38000 17.000
63.40000 21.000
63.42000 25.000
63.44000 23.000
63.46000 29.000
63.48000 22.000
63.50000 22.000
63.52000 25.000
63.54000 21.000
63.56000 18.000
63.58000 26.000
63.60000 15.000
63.62000 19.000
63.64000 18.000
63.66000 21.000
63.68000 31.000
63.70000 25.000
63.72000 25.000
63.74000 17.000
63.76000 21.000
63.78000 20.000
63.80000 17.000
63.82000 29.000
63.84000 25.000
63.86000 21.000
63.88000 16.000
63.90000 17.000
63.92000 33.000
63.94000 19.000
63.96000 17.000
63.98000 21.000
64.00000 16.000
64.02000 19.000
64.04000 27.000
64.06000 26.000
64.08000 16.000
64.10000 23.000
64.12000 25.000
64.14000 33.000
64.16000 20.000
64.18000 27.000
64.20000 25.000
64.22000 23.000
64.24000 21.000
64.26000 31.000
64.28000 22.000
64.30000 18.000
64.32000 28.000
64.34000 25.000
64.36000 23.000
64.38000 26.000
64.40000 28.000
64.42000 16.000
64.44000 24.000
64.46000 25.000
64.48000 27.000
64.50000 27.000
64.52000 20.000
64.54000 25.000
64.56000 19.000
64.58000 29.000
64.60000 27.000
64.62000 29.000
64.64000 21.000
64.66000 22.000
64.68000 24.000
64.70000 17.000
64.72000 30.000
64.74000 20.000
64.76000 22.000
64.78000 19.000
64.80000 19.000
64.82000 23.000
64.84000 33.000
64.86000 32.000
64.88000 21.000
64.90000 23.000
64.92000 31.000
64.94000 19.000
64.96000 21.000
64.98000 28.000
65.00000 23.000
65.02000 23.000
65.04000 26.000
65.06000 23.000
65.08000 15.000
65.10000 25.000
65.12000 27.000
65.14000 23.000
65.16000 17.000
65.18000 19.000
65.20000 26.000
65.22000 26.000
65.24000 23.000
65.26000 24.000
65.28000 19.000
65.30000 28.000
65.32000 24.000
65.34000 22.000
65.36000 29.000
65.38000 22.000
65.40000 24.000
65.42000 27.000
65.44000 24.000
65.46000 25.000
65.48000 26.000
65.50000 25.000
65.52000 26.000
65.54000 29.000
65.56000 22.000
65.58000 21.000
65.60000 30.000
65.62000 28.000
65.64000 28.000
65.66000 34.000
65.68000 29.000
65.70000 27.000
65.72000 30.000
65.74000 22.000
65.76000 31.000
65.78000 28.000
65.80000 25.000
65.82000 27.000
65.84000 33.000
65.86000 17.000
65.88000 22.000
65.90000 18.000
65.92000 31.000
65.94000 30.000
65.96000 32.000
65.98000 19.000
66.00000 17.000
66.02000 24.000
66.04000 29.000
66.06000 27.000
66.08000 29.000
66.10000 23.000
66.12000 21.000
66.14000 32.000
66.16000 23.000
66.18000 23.000
66.20000 25.000
66.22000 25.000
66.24000 22.000
66.26000 17.000
66.28000 26.000
66.30000 27.000
66.32000 27.000
66.34000 27.000
66.36000 25.000
66.38000 28.000
66.40000 22.000
66.42000 24.000
66.44000 20.000
66.46000 37.000
66.48000 23.000
66.50000 34.000
66.52000 21.000
66.54000 20.000
66.56000 14.000
66.58000 32.000
66.60000 29.000
66.62000 25.000
66.64000 34.000
66.66000 33.000
66.68000 23.000
66.70000 29.000
66.72000 34.000
66.74000 24.000
66.76000 25.000
66.78000 26.000
66.80000 30.000
66.82000 14.000
66.84000 32.000
66.86000 32.000
66.88000 23.000
66.90000 35.000
66.92000 20.000
66.94000 22.000
66.96000 26.000
66.98000 20.000
67.00000 27.000
67.02000 27.000
67.04000 22.000
67.06000 29.000
67.08000 26.000
67.10000 29.000
67.12000 29.000
67.14000 33.000
67.16000 30.000
67.18000 24.000
67.20000 27.000
67.22000 32.000
67.24000 24.000
67.26000 24.000
67.28000 25.000
67.30000 29.000
67.32000 23.000
67.34000 29.000
67.36000 27.000
67.38000 38.000
67.40000 19.000
67.42000 34.000
67.44000 33.000
67.46000 28.000
67.48000 20.000
67.50000 28.000
67.52000 20.000
67.54000 18.000
67.56000 35.000
67.58000 24.000
67.60000 22.000
67.62000 29.000
67.64000 25.000
67.66000 25.000
67.68000 26.000
67.70000 21.000
67.72000 32.000
67.74000 26.000
67.76000 30.000
67.78000 40.000
67.80000 27.000
67.82000 36.000
67.84000 40.000
67.86000 29.000
67.88000 49.000
67.90000 45.000
67.92000 31.000
67.94000 34.000
67.96000 28.000
67.98000 46.000
68.00000 38.000
68.02000 32.000
68.04000 48.000
68.06000 35.000
68.08000 41.000
68.10000 49.000
68.12000 43.000
68.14000 38.000
68.16000 58.000
68.18000 52.000
68.20000 38.000
68.22000 50.000
68.24000 37.000
68.26000 55.000
68.28000 58.000
68.30000 58.000
68.32000 73.000
68.34000 61.000
68.36000 64.000
68.38000 65.000
68.40000 77.000
68.42000 81.000
68.44000 98.000
68.46000 94.000
68.48000 103.000
68.50000 128.000
68.52000 145.000
68.54000 168.000
68.56000 222.000
68.58000 268.000
68.60000 343.000
68.62000 425.000
68.64000 467.000
68.66000 535.000
68.68000 605.000
68.70000 647.000
68.72000 684.000
68.74000 649.000
68.76000 551.000
68.78000 485.000
68.80000 461.000
68.82000 477.000
68.84000 423.000
68.86000 478.000
68.88000 457.000
68.90000 425.000
68.92000 377.000
68.94000 325.000
68.96000 305.000
68.98000 316.000
69.00000 216.000
69.02000 182.000
69.04000 164.000
69.06000 148.000
69.08000 142.000
69.10000 124.000
69.12000 114.000
69.14000 110.000
69.16000 105.000
69.18000 100.000
69.20000 80.000
69.22000 92.000
69.24000 77.000
69.26000 84.000
69.28000 61.000
69.30000 76.000
69.32000 80.000
69.34000 76.000
69.36000 64.000
69.38000 66.000
69.40000 75.000
69.42000 75.000
69.44000 59.000
69.46000 58.000
69.48000 71.000
69.50000 53.000
69.52000 71.000
69.54000 66.000
69.56000 71.000
69.58000 72.000
69.60000 43.000
69.62000 65.000
69.64000 68.000
69.66000 57.000
69.68000 54.000
69.70000 56.000
69.72000 37.000
69.74000 52.000
69.76000 53.000
69.78000 53.000
69.80000 51.000
69.82000 59.000
69.84000 44.000
69.86000 44.000
69.88000 33.000
69.90000 51.000
69.92000 35.000
69.94000 34.000
69.96000 44.000
69.98000 48.000
70.00000 31.000
70.02000 40.000
70.04000 39.000
70.06000 51.000
70.08000 32.000
70.10000 46.000
70.12000 33.000
70.14000 39.000
70.16000 43.000
70.18000 35.000
70.20000 29.000
70.22000 25.000
70.24000 27.000
70.26000 44.000
70.28000 40.000
70.30000 31.000
70.32000 29.000
70.34000 34.000
70.36000 32.000
70.38000 40.000
70.40000 31.000
70.42000 37.000
70.44000 28.000
70.46000 38.000
70.48000 31.000
70.50000 37.000
70.52000 31.000
70.54000 28.000
70.56000 36.000
70.58000 33.000
70.60000 16.000
70.62000 36.000
70.64000 29.000
70.66000 30.000
70.68000 22.000
70.70000 33.000
70.72000 34.000
70.74000 30.000
70.76000 24.000
70.78000 31.000
70.80000 30.000
70.82000 25.000
70.84000 25.000
70.86000 30.000
70.88000 27.000
70.90000 20.000
70.92000 19.000
70.94000 17.000
70.96000 35.000
70.98000 17.000
71.00000 36.000
71.02000 26.000
71.04000 38.000
71.06000 22.000
71.08000 33.000
71.10000 26.000
71.12000 33.000
71.14000 19.000
71.16000 29.000
71.18000 34.000
71.20000 24.000
71.22000 33.000
71.24000 27.000
71.26000 20.000
71.28000 30.000
71.30000 26.000
71.32000 30.000
71.34000 27.000
71.36000 25.000
71.38000 28.000
71.40000 23.000
71.42000 40.000
71.44000 25.000
71.46000 28.000
71.48000 27.000
71.50000 35.000
71.52000 33.000
71.54000 26.000
71.56000 21.000
71.58000 38.000
71.60000 35.000
71.62000 30.000
71.64000 30.000
71.66000 35.000
71.68000 24.000
71.70000 38.000
71.72000 30.000
71.74000 26.000
71.76000 28.000
71.78000 25.000
71.80000 25.000
71.82000 30.000
71.84000 24.000
71.86000 23.000
71.88000 32.000
71.90000 35.000
71.92000 27.000
71.94000 20.000
71.96000 39.000
71.98000 27.000
72.00000 27.000
72.02000 27.000
72.04000 21.000
72.06000 34.000
72.08000 24.000
72.10000 24.000
72.12000 24.000
72.14000 27.000
72.16000 29.000
72.18000 20.000
72.20000 32.000
72.22000 24.000
72.24000 31.000
72.26000 25.000
72.28000 24.000
72.30000 25.000
72.32000 32.000
72.34000 22.000
72.36000 35.000
72.38000 31.000
72.40000 35.000
72.42000 29.000
72.44000 26.000
72.46000 24.000
72.48000 28.000
72.50000 32.000
72.52000 29.000
72.54000 26.000
72.56000 35.000
72.58000 22.000
72.60000 25.000
72.62000 31.000
72.64000 25.000
72.66000 35.000
72.68000 23.000
72.70000 29.000
72.72000 16.000
72.74000 23.000
72.76000 28.000
72.78000 30.000
72.80000 24.000
72.82000 35.000
72.84000 36.000
72.86000 32.000
72.88000 29.000
72.90000 32.000
72.92000 31.000
72.94000 35.000
72.96000 32.000
72.98000 31.000
73.00000 32.000
73.02000 32.000
73.04000 29.000
73.06000 31.000
73.08000 38.000
73.10000 36.000
73.12000 24.000
73.14000 39.000
73.16000 28.000
73.18000 33.000
73.20000 36.000
73.22000 28.000
73.24000 35.000
73.26000 39.000
73.28000 34.000
73.30000 32.000
73.32000 37.000
73.34000 27.000
73.36000 27.000
73.38000 32.000
73.40000 36.000
73.42000 32.000
73.44000 36.000
73.46000 36.000
73.48000 30.000
73.50000 42.000
73.52000 29.000
73.54000 26.000
73.56000 32.000
73.58000 38.000
73.60000 26.000
73.62000 39.000
73.64000 30.000
73.66000 28.000
73.68000 36.000
73.70000 39.000
73.72000 40.000
73.74000 32.000
73.76000 22.000
73.78000 38.000
73.80000 33.000
73.82000 35.000
73.84000 37.000
73.86000 31.000
73.88000 32.000
73.90000 35.000
73.92000 35.000
73.94000 35.000
73.96000 43.000
73.98000 39.000
74.00000 38.000
74.02000 33.000
74.04000 30.000
74.06000 34.000
74.08000 45.000
74.10000 40.000
74.12000 27.000
74.14000 37.000
74.16000 40.000
74.18000 46.000
74.20000 29.000
74.22000 37.000
74.24000 34.000
74.26000 34.000
74.28000 36.000
74.30000 39.000
74.32000 40.000
74.34000 39.000
74.36000 41.000
74.38000 45.000
74.40000 47.000
74.42000 42.000
74.44000 40.000
74.46000 45.000
74.48000 42.000
74.50000 45.000
74.52000 52.000
74.54000 61.000
74.56000 31.000
74.58000 51.000
74.60000 32.000
74.62000 43.000
74.64000 38.000
74.66000 45.000
74.68000 45.000
74.70000 54.000
74.72000 39.000
74.74000 40.000
74.76000 43.000
74.78000 55.000
74.80000 55.000
74.82000 44.000
74.84000 51.000
74.86000 43.000
74.88000 53.000
74.90000 45.000
74.92000 50.000
74.94000 48.000
74.96000 45.000
74.98000 45.000
75.00000 44.000
75.02000 50.000
75.04000 40.000
75.06000 55.000
75.08000 43.000
75.10000 44.000
75.12000 48.000
75.14000 49.000
75.16000 58.000
75.18000 48.000
75.20000 55.000
75.22000 61.000
75.24000 58.000
75.26000 65.000
75.28000 68.000
75.30000 70.000
75.32000 80.000
75.34000 80.000
75.36000 86.000
75.38000 79.000
75.40000 82.000
75.42000 86.000
75.44000 101.000
75.46000 107.000
75.48000 125.000
75.50000 139.000
75.52000 125.000
75.54000 150.000
75.56000 160.000
75.58000 164.000
75.60000 198.000
75.62000 218.000
75.64000 256.000
75.66000 291.000
75.68000 362.000
75.70000 420.000
75.72000 477.000
75.74000 582.000
75.76000 687.000
75.78000 829.000
75.80000 1016.000
75.82000 1174.000
75.84000 1330.000
75.86000 1468.000
75.88000 1500.000
75.90000 1417.000
75.92000 1390.000
75.94000 1323.000
75.96000 1215.000
75.98000 1184.000
76.00000 1078.000
76.02000 1098.000
76.04000 1100.000
76.06000 1055.000
76.08000 1075.000
76.10000 1032.000
76.12000 1022.000
76.14000 976.000
76.16000 842.000
76.18000 771.000
76.20000 688.000
76.22000 611.000
76.24000 558.000
76.26000 527.000
76.28000 468.000
76.30000 407.000
76.32000 398.000
76.34000 346.000
76.36000 343.000
76.38000 330.000
76.40000 315.000
76.42000 280.000
76.44000 243.000
76.46000 258.000
76.48000 201.000
76.50000 216.000
76.52000 224.000
76.54000 205.000
76.56000 194.000
76.58000 175.000
76.60000 187.000
76.62000 159.000
76.64000 166.000
76.66000 146.000
76.68000 161.000
76.70000 139.000
76.72000 112.000
76.74000 141.000
76.76000 115.000
76.78000 127.000
76.80000 131.000
76.82000 115.000
76.84000 107.000
76.86000 118.000
76.88000 117.000
76.90000 120.000
76.92000 80.000
76.94000 93.000
76.96000 102.000
76.98000 87.000
77.00000 76.000
77.02000 83.000
77.04000 88.000
77.06000 105.000
77.08000 88.000
77.10000 69.000
77.12000 85.000
77.14000 83.000
77.16000 68.000
77.18000 61.000
77.20000 83.000
77.22000 66.000
77.24000 74.000
77.26000 70.000
77.28000 85.000
77.30000 69.000
77.32000 67.000
77.34000 87.000
77.36000 84.000
77.38000 81.000
77.40000 88.000
77.42000 55.000
77.44000 80.000
77.46000 61.000
77.48000 71.000
77.50000 70.000
77.52000 79.000
77.54000 78.000
77.56000 71.000
77.58000 75.000
77.60000 72.000
77.62000 78.000
77.64000 77.000
77.66000 90.000
77.68000 76.000
77.70000 80.000
77.72000 78.000
77.74000 97.000
77.76000 100.000
77.78000 124.000
77.80000 130.000
77.82000 135.000
77.84000 109.000
77.86000 127.000
77.88000 157.000
77.90000 157.000
77.92000 168.000
77.94000 169.000
77.96000 185.000
77.98000 202.000
78.00000 264.000
78.02000 289.000
78.04000 346.000
78.06000 445.000
78.08000 500.000
78.10000 613.000
78.12000 725.000
78.14000 873.000
78.16000 995.000
78.18000 1083.000
78.20000 1135.000
78.22000 1148.000
78.24000 1050.000
78.26000 1005.000
78.28000 922.000
78.30000 840.000
78.32000 804.000
78.34000 814.000
78.36000 752.000
78.38000 780.000
78.40000 819.000
78.42000 799.000
78.44000 804.000
78.46000 712.000
78.48000 660.000
78.50000 584.000
78.52000 575.000
78.54000 466.000
78.56000 386.000
78.58000 387.000
78.60000 349.000
78.62000 311.000
78.64000 271.000
78.66000 265.000
78.68000 208.000
78.70000 251.000
78.72000 236.000
78.74000 198.000
78.76000 210.000
78.78000 175.000
78.80000 169.000
78.82000 167.000
78.84000 163.000
78.86000 157.000
78.88000 160.000
78.90000 154.000
78.92000 153.000
78.94000 132.000
78.96000 131.000
78.98000 107.000
79.00000 129.000
79.02000 111.000
79.04000 127.000
79.06000 123.000
79.08000 118.000
79.10000 115.000
79.12000 109.000
79.14000 93.000
79.16000 92.000
79.18000 107.000
79.20000 98.000
79.22000 98.000
79.24000 85.000
79.26000 88.000
79.28000 83.000
79.30000 96.000
79.32000 107.000
79.34000 84.000
79.36000 79.000
79.38000 90.000
79.40000 70.000
79.42000 79.000
79.44000 79.000
79.46000 75.000
79.48000 68.000
79.50000 62.000
79.52000 84.000
79.54000 56.000
79.56000 71.000
79.58000 79.000
79.60000 68.000
79.62000 53.000
79.64000 56.000
79.66000 59.000
79.68000 50.000
79.70000 60.000
79.72000 56.000
79.74000 57.000
79.76000 45.000
79.78000 48.000
79.80000 43.000
79.82000 43.000
79.84000 50.000
79.86000 42.000
79.88000 54.000
79.90000 34.000
79.92000 46.000
79.94000 50.000
79.96000 49.000
79.98000 48.000
80.00000 42.000
80.02000 43.000
80.04000 40.000
80.06000 48.000
80.08000 33.000
80.10000 45.000
80.12000 45.000
80.14000 50.000
80.16000 33.000
80.18000 49.000
80.20000 40.000
80.22000 42.000
80.24000 40.000
80.26000 39.000
80.28000 26.000
80.30000 28.000
80.32000 47.000
80.34000 27.000
80.36000 37.000
80.38000 32.000
80.40000 35.000
80.42000 36.000
80.44000 33.000
80.46000 31.000
80.48000 35.000
80.50000 27.000
80.52000 29.000
80.54000 36.000
80.56000 25.000
80.58000 34.000
80.60000 31.000
80.62000 33.000
80.64000 35.000
80.66000 33.000
80.68000 25.000
80.70000 36.000
80.72000 37.000
80.74000 38.000
80.76000 30.000
80.78000 34.000
80.80000 38.000
80.82000 28.000
80.84000 41.000
80.86000 16.000
80.88000 31.000
80.90000 36.000
80.92000 25.000
80.94000 36.000
80.96000 34.000
80.98000 40.000
81.00000 39.000
81.02000 33.000
81.04000 27.000
81.06000 21.000
81.08000 22.000
81.10000 33.000
81.12000 31.000
81.14000 20.000
81.16000 41.000
81.18000 28.000
81.20000 43.000
81.22000 28.000
81.24000 27.000
81.26000 25.000
81.28000 30.000
81.30000 33.000
81.32000 17.000
81.34000 29.000
81.36000 25.000
81.38000 29.000
81.40000 31.000
81.42000 19.000
81.44000 32.000
81.46000 29.000
81.48000 23.000
81.50000 20.000
81.52000 35.000
81.54000 29.000
81.56000 25.000
81.58000 33.000
81.60000 23.000
81.62000 20.000
81.64000 29.000
81.66000 23.000
81.68000 19.000
81.70000 42.000
81.72000 23.000
81.74000 40.000
81.76000 26.000
81.78000 25.000
81.80000 39.000
81.82000 27.000
81.84000 31.000
81.86000 17.000
81.88000 33.000
81.90000 30.000
81.92000 31.000
81.94000 27.000
81.96000 26.000
81.98000 22.000
82.00000 33.000
82.02000 26.000
82.04000 34.000
82.06000 34.000
82.08000 27.000
82.10000 24.000
82.12000 27.000
82.14000 32.000
82.16000 30.000
82.18000 22.000
82.20000 38.000
82.22000 32.000
82.24000 31.000
82.26000 26.000
82.28000 18.000
82.30000 27.000
82.32000 34.000
82.34000 35.000
82.36000 22.000
82.38000 26.000
82.40000 37.000
82.42000 30.000
82.44000 27.000
82.46000 25.000
82.48000 30.000
82.50000 25.000
82.52000 22.000
82.54000 18.000
82.56000 20.000
82.58000 24.000
82.60000 35.000
82.62000 32.000
82.64000 25.000
82.66000 20.000
82.68000 28.000
82.70000 27.000
82.72000 27.000
82.74000 33.000
82.76000 25.000
82.78000 29.000
82.80000 29.000
82.82000 34.000
82.84000 34.000
82.86000 25.000
82.88000 27.000
82.90000 27.000
82.92000 42.000
82.94000 28.000
82.96000 27.000
82.98000 38.000
83.00000 27.000
83.02000 34.000
83.04000 22.000
83.06000 24.000
83.08000 25.000
83.10000 27.000
83.12000 26.000
83.14000 19.000
83.16000 30.000
83.18000 33.000
83.20000 28.000
83.22000 30.000
83.24000 26.000
83.26000 27.000
83.28000 31.000
83.30000 37.000
83.32000 17.000
83.34000 34.000
83.36000 31.000
83.38000 26.000
83.40000 26.000
83.42000 23.000
83.44000 29.000
83.46000 28.000
83.48000 19.000
83.50000 38.000
83.52000 30.000
83.54000 33.000
83.56000 19.000
83.58000 35.000
83.60000 35.000
83.62000 31.000
83.64000 22.000
83.66000 30.000
83.68000 34.000
83.70000 32.000
83.72000 22.000
83.74000 28.000
83.76000 23.000
83.78000 27.000
83.80000 32.000
83.82000 26.000
83.84000 42.000
83.86000 24.000
83.88000 36.000
83.90000 28.000
83.92000 29.000
83.94000 31.000
83.96000 29.000
83.98000 29.000
84.00000 26.000
84.02000 21.000
84.04000 35.000
84.06000 35.000
84.08000 28.000
84.10000 30.000
84.12000 33.000
84.14000 42.000
84.16000 34.000
84.18000 29.000
84.20000 29.000
84.22000 31.000
84.24000 30.000
84.26000 32.000
84.28000 30.000
84.30000 30.000
84.32000 21.000
84.34000 26.000
84.36000 31.000
84.38000 31.000
84.40000 27.000
84.42000 38.000
84.44000 29.000
84.46000 33.000
84.48000 29.000
84.50000 32.000
84.52000 26.000
84.54000 34.000
84.56000 29.000
84.58000 30.000
84.60000 37.000
84.62000 32.000
84.64000 27.000
84.66000 45.000
84.68000 27.000
84.70000 19.000
84.72000 25.000
84.74000 26.000
84.76000 38.000
84.78000 25.000
84.80000 36.000
84.82000 43.000
84.84000 29.000
84.86000 40.000
84.88000 37.000
84.90000 29.000
84.92000 35.000
84.94000 30.000
84.96000 28.000
84.98000 36.000
85.00000 32.000
85.02000 29.000
85.04000 28.000
85.06000 25.000
85.08000 34.000
85.10000 27.000
85.12000 31.000
85.14000 34.000
85.16000 26.000
85.18000 28.000
85.20000 28.000
85.22000 23.000
85.24000 30.000
85.26000 24.000
85.28000 36.000
85.30000 39.000
85.32000 28.000
85.34000 35.000
85.36000 46.000
85.38000 36.000
85.40000 38.000
85.42000 34.000
85.44000 30.000
85.46000 26.000
85.48000 31.000
85.50000 37.000
85.52000 43.000
85.54000 31.000
85.56000 35.000
85.58000 43.000
85.60000 50.000
85.62000 31.000
85.64000 28.000
85.66000 38.000
85.68000 32.000
85.70000 36.000
85.72000 45.000
85.74000 31.000
85.76000 30.000
85.78000 35.000
85.80000 29.000
85.82000 44.000
85.84000 34.000
85.86000 31.000
85.88000 46.000
85.90000 36.000
85.92000 33.000
85.94000 29.000
85.96000 34.000
85.98000 31.000
86.00000 33.000
86.02000 29.000
86.04000 32.000
86.06000 45.000
86.08000 37.000
86.10000 31.000
86.12000 57.000
86.14000 30.000
86.16000 51.000
86.18000 47.000
86.20000 49.000
86.22000 41.000
86.24000 37.000
86.26000 50.000
86.28000 42.000
86.30000 65.000
86.32000 51.000
86.34000 59.000
86.36000 42.000
86.38000 47.000
86.40000 53.000
86.42000 41.000
86.44000 44.000
86.46000 53.000
86.48000 39.000
86.50000 58.000
86.52000 46.000
86.54000 49.000
86.56000 61.000
86.58000 60.000
86.60000 44.000
86.62000 51.000
86.64000 64.000
86.66000 48.000
86.68000 40.000
86.70000 57.000
86.72000 61.000
86.74000 63.000
86.76000 73.000
86.78000 71.000
86.80000 83.000
86.82000 79.000
86.84000 73.000
86.86000 90.000
86.88000 94.000
86.90000 76.000
86.92000 112.000
86.94000 97.000
86.96000 114.000
86.98000 127.000
87.00000 130.000
87.02000 117.000
87.04000 144.000
87.06000 140.000
87.08000 174.000
87.10000 182.000
87.12000 224.000
87.14000 237.000
87.16000 261.000
87.18000 288.000
87.20000 339.000
87.22000 392.000
87.24000 481.000
87.26000 584.000
87.28000 666.000
87.30000 742.000
87.32000 905.000
87.34000 968.000
87.36000 1008.000
87.38000 1171.000
87.40000 1086.000
87.42000 1060.000
87.44000 1031.000
87.46000 940.000
87.48000 898.000
87.50000 865.000
87.52000 803.000
87.54000 736.000
87.56000 796.000
87.58000 739.000
87.60000 817.000
87.62000 772.000
87.64000 719.000
87.66000 719.000
87.68000 727.000
87.70000 647.000
87.72000 621.000
87.74000 542.000
87.76000 548.000
87.78000 439.000
87.80000 447.000
87.82000 386.000
87.84000 360.000
87.86000 362.000
87.88000 312.000
87.90000 290.000
87.92000 249.000
87.94000 221.000
87.96000 247.000
87.98000 217.000
88.00000 185.000
88.02000 221.000
88.04000 197.000
88.06000 174.000
88.08000 180.000
88.10000 174.000
88.12000 160.000
88.14000 189.000
88.16000 162.000
88.18000 139.000
88.20000 155.000
88.22000 155.000
88.24000 151.000
88.26000 120.000
88.28000 99.000
88.30000 110.000
88.32000 129.000
88.34000 147.000
88.36000 133.000
88.38000 106.000
88.40000 129.000
88.42000 94.000
88.44000 116.000
88.46000 85.000
88.48000 93.000
88.50000 79.000
88.52000 104.000
88.54000 108.000
88.56000 80.000
88.58000 87.000
88.60000 94.000
88.62000 85.000
88.64000 88.000
88.66000 81.000
88.68000 100.000
88.70000 77.000
88.72000 86.000
88.74000 76.000
88.76000 90.000
88.78000 65.000
88.80000 75.000
88.82000 55.000
88.84000 56.000
88.86000 56.000
88.88000 75.000
88.90000 71.000
88.92000 71.000
88.94000 68.000
88.96000 53.000
88.98000 50.000
89.00000 50.000
89.02000 70.000
89.04000 71.000
89.06000 53.000
89.08000 46.000
89.10000 56.000
89.12000 42.000
89.14000 33.000
89.16000 57.000
89.18000 49.000
89.20000 48.000
89.22000 49.000
89.24000 39.000
89.26000 47.000
89.28000 54.000
89.30000 44.000
89.32000 47.000
89.34000 40.000
89.36000 33.000
89.38000 37.000
89.40000 41.000
89.42000 59.000
89.44000 53.000
89.46000 46.000
89.48000 43.000
89.50000 40.000
89.52000 30.000
89.54000 47.000
89.56000 40.000
89.58000 43.000
89.60000 38.000
89.62000 28.000
89.64000 42.000
89.66000 31.000
89.68000 30.000
89.70000 40.000
89.72000 39.000
89.74000 34.000
89.76000 45.000
89.78000 44.000
89.80000 35.000
89.82000 34.000
89.84000 42.000
89.86000 46.000
89.88000 41.000
89.90000 38.000
89.92000 33.000
89.94000 30.000
89.96000 30.000
89.98000 36.000
90.00000 42.000
