35.22   0.0
35.24   0.0
35.26   0.0
35.28   0.0
35.3   0.0
35.32   0.0
35.34   0.0
35.36   0.0
35.38   0.0
35.4   0.0
35.42   0.0170986509658
35.44   0.0232085571559
35.46   0.0186578110707
35.48   0.0212519702338
35.5   0.018175569676
35.52   0.0229245415331
35.54   0.0217761312804
35.56   0.0222154777496
35.58   0.0192524883862
35.6   0.0247953386042
35.62   0.0282967873227
35.64   0.0356542166513
35.66   0.0387020205921
35.68   0.0373267879506
35.7   0.0369722560588
35.72   0.043649218221
35.74   0.0481713676892
35.76   0.0509923492412
35.78   0.0600509464861
35.8   0.0641194511766
35.82   0.0592284715082
35.84   0.0762258523624
35.86   0.0924293548556
35.88   0.103756175989
35.9   0.10963925979
35.92   0.120399024951
35.94   0.134334303556
35.96   0.163693504602
35.98   0.183185931733
36.0   0.216854758167
36.02   0.245533492046
36.04   0.287821569255
36.06   0.311623621775
36.08   0.371490434119
36.1   0.433285236768
36.12   0.509936905886
36.14   0.589423854864
36.16   0.671632672509
36.18   0.78174064398
36.2   0.87154801165
36.22   0.967479583819
36.24   0.974496779564
36.26   1.0
36.28   0.981046032224
36.3   0.947575431562
36.32   0.859554046385
36.34   0.776522753763
36.36   0.700976599972
36.38   0.626564558126
36.4   0.526181352757
36.42   0.463337252742
36.44   0.384842407896
36.46   0.317802093687
36.48   0.269928271334
36.5   0.21740459001
36.52   0.185408334876
36.54   0.160897218573
36.56   0.138767737353
36.58   0.110060406857
36.6   0.0958697092459
36.62   0.0783900869971
36.64   0.0664676132748
36.66   0.058514531357
36.68   0.0463652352458
36.7   0.0348964063011
36.72   0.0275103803555
36.74   0.0222791671038
36.76   0.0159138419079
36.78   0.0214566921259
36.8   0.0110085639309
36.82   0.00475664992945
36.84   0.00394847326003
36.86   0.0
36.88   0.0
36.9   0.0
36.92   0.0
36.94   0.0
36.96   0.0
36.98   0.0
37.0   0.0
37.02   0.0
37.04   0.0
37.06   0.0
37.08   0.0
37.1   0.0
37.12   0.0
37.14   0.0
