35.22   0.0
35.24   0.0
35.26   0.0
35.28   0.0
35.3   0.0
35.32   0.0
35.34   0.0
35.36   0.0
35.38   0.0
35.4   0.0
35.42   0.000284296807037
35.44   0.00229916609904
35.46   0.0011995607985
35.48   0.00141593067791
35.5   0.00154456887866
35.52   0.000708158614115
35.54   0.000880662654194
35.56   0.00153569092692
35.58   0.00148886577034
35.6   0.00328440586568
35.62   0.00275505647646
35.64   0.00200637789058
35.66   0.00353872294993
35.68   0.00353576363268
35.7   0.00234842665349
35.72   0.0039685033915
35.74   0.00449193414623
35.76   0.00426964563233
35.78   0.0055387956557
35.8   0.00794845750168
35.82   0.00930533920371
35.84   0.00877598981449
35.86   0.0115365783751
35.88   0.0119722774512
35.9   0.0142503417792
35.92   0.0174495887331
35.94   0.021833213349
35.96   0.0271818864302
35.98   0.0342413272454
36.0   0.0424412798831
36.02   0.054238231346
36.04   0.0673950238282
36.06   0.0930097146806
36.08   0.116299516048
36.1   0.155030092861
36.12   0.206613360597
36.14   0.283331754271
36.16   0.414487654555
36.18   0.617276470467
36.2   0.85743898149
36.22   1.0
36.24   0.912309227859
36.26   0.645075575334
36.28   0.381702116671
36.3   0.218430503362
36.32   0.151356675707
36.34   0.134991758319
36.36   0.0975712380517
36.38   0.0792323578939
36.4   0.0584369907335
36.42   0.0365888434291
36.44   0.0181183657533
36.46   0.0197384424914
36.48   0.0138135948644
36.5   0.0128455870818
36.52   0.0163080290718
36.54   0.0145943020206
36.56   0.0131437700054
36.58   0.0117371038295
36.6   0.0060315853992
36.62   0.00488811425933
36.64   0.00418330151278
36.66   0.0024695744616
36.68   0.003080736895
36.7   0.00404282604304
36.72   0.00338187913582
36.74   0.00276479806793
36.76   0.00271797291136
36.78   0.00253955023678
36.8   0.00113288406093
36.82   0.00104219306502
36.84   0.00130242878376
36.86   0.00068534771587
36.88   0.00112104679194
36.9   6.53073307342e-05
36.92   0.00015007969215
36.94   0.000147120374903
36.96   0.000144161057655
36.98   0.0
37.0   0.0
37.02   0.0
37.04   0.0
37.06   0.0
37.08   0.0
37.1   0.0
37.12   0.0
37.14   0.0
